# This contains the data needed to translate from
# code page ibm852 to code page iso8859-2
SOURCE "ibm852"
DESTINATION "iso8859-2"
  /*000-015*/  000 001 002 003 004 005 006 007 008 009 010 011 012 013 014 015
  /*016-031*/  016 017 018 019 020 021 022 023 024 025 026 027 028 029 030 031
  /*032-047*/  032 033 034 035 036 037 038 039 040 041 042 043 044 045 046 047
  /*048-063*/  048 049 050 051 052 053 054 055 056 057 058 059 060 061 062 063
  /*064-079*/  064 065 066 067 068 069 070 071 072 073 074 075 076 077 078 079
  /*080-095*/  080 081 082 083 084 085 086 087 088 089 090 091 092 093 094 095
  /*096-111*/  096 097 098 099 100 101 102 103 104 105 106 107 108 109 110 111
  /*112-127*/  112 113 114 115 116 117 118 119 120 121 122 123 124 125 126 127
  /*128-143*/  199 252 233 226 228 249 230 231 179 235 213 245 238 172 196 198
  /*144-159*/  201 197 229 244 246 165 181 166 182 214 220 171 187 163 215 232
  /*160-175*/  225 237 243 250 161 177 174 190 202 234 128 188 200 186 158 159
  /*176-191*/  129 130 131 132 133 193 194 204 170 134 135 136 137 175 191 138
  /*192-207*/  139 140 141 142 143 144 195 227 145 146 147 148 149 150 151 164
  /*208-223*/  240 208 207 203 239 210 205 206 236 152 153 154 155 222 217 156
  /*224-239*/  211 223 212 209 241 242 169 185 192 218 224 219 253 221 254 180
  /*240-255*/  173 189 178 183 162 167 247 184 176 168 255 251 216 248 157 160
