# This contains the data needed to translate from
# code page ibm857 (Turkish DOS) to code page 1254 (Turkish MSW or iso8859-9)
SOURCE "ibm857"
DESTINATION "1254"
  /*000-015*/  000 001 002 003 004 005 006 007 008 009 010 011 012 013 014 015
  /*016-031*/  016 017 018 019 020 021 022 023 024 025 026 027 028 029 030 031
  /*032-047*/  032 033 034 035 036 037 038 039 040 041 042 043 044 045 046 047
  /*048-063*/  048 049 050 051 052 053 054 055 056 057 058 059 060 061 062 063
  /*064-079*/  064 065 066 067 068 069 070 071 072 073 074 075 076 077 078 079
  /*080-095*/  080 081 082 083 084 085 086 087 088 089 090 091 092 093 094 095
  /*096-111*/  096 097 098 099 100 101 102 103 104 105 106 107 108 109 110 111
  /*112-127*/  112 113 114 115 116 117 118 119 120 121 122 123 124 125 126 127
  /*128-143*/  199 252 233 226 228 224 229 231 234 235 232 239 238 253 196 197
  /*144-159*/  201 230 198 244 246 242 251 249 221 214 220 248 163 216 222 254
  /*160-175*/  225 237 243 250 241 209 208 240 191 174 172 189 188 161 171 187
  /*176-191*/  128 129 130 131 132 193 194 192 169 133 134 135 136 162 165 137
  /*192-207*/  138 139 140 141 142 143 227 195 144 145 146 147 148 150 151 164
  /*208-223*/  186 170 202 203 200 152 205 206 207 153 154 155 156 166 204 157
  /*224-239*/  211 223 212 210 245 213 181 158 215 218 219 217 236 255 175 180
  /*240-255*/  173 177 159 190 182 167 247 184 176 168 149 185 179 178 183 160
