# This contains the data needed to translate from
# iso8859-1 to ibm codepage 850
SOURCE "iso8859-1"
DESTINATION "ibm850"
  /*000-015*/  000 001 002 003 004 005 006 007 008 009 010 011 012 013 014 015 
  /*016-031*/  016 017 018 019 020 021 022 023 024 025 026 027 028 029 030 031 
  /*032-047*/  032 033 034 035 036 037 038 039 040 041 042 043 044 045 046 047 
  /*048-063*/  048 049 050 051 052 053 054 055 056 057 058 059 060 061 062 063 
  /*064-079*/  064 065 066 067 068 069 070 071 072 073 074 075 076 077 078 079 
  /*080-095*/  080 081 082 083 084 085 086 087 088 089 090 091 092 093 094 095 
  /*096-111*/  096 097 098 099 100 101 102 103 104 105 106 107 108 109 110 111 
  /*112-127*/  112 113 114 115 116 117 118 119 120 121 122 123 124 125 126 127 
  /*128-143*/  176 177 178 179 180 185 186 187 188 191 192 193 194 195 196 197 
  /*144-159*/  200 201 202 203 204 205 206 213 217 218 219 220 223 242 254 159 
  /*160-175*/  255 173 189 156 207 190 221 245 249 184 166 174 170 240 169 238 
  /*176-191*/  248 241 253 252 239 230 244 250 247 251 167 175 172 171 243 168 
  /*192-207*/  183 181 182 199 142 143 146 128 212 144 210 211 222 214 215 216 
  /*208-223*/  209 165 227 224 226 229 153 158 157 235 233 234 154 237 232 225 
  /*224-239*/  133 160 131 198 132 134 145 135 138 130 136 137 141 161 140 139 
  /*240-255*/  208 164 149 162 147 228 148 246 155 151 163 150 129 236 231 152
