# This contains the data needed to translate from
# code page iso8859-2 to code page ibm852
SOURCE "iso8859-2"
DESTINATION "ibm852"
  /*000-015*/  000 001 002 003 004 005 006 007 008 009 010 011 012 013 014 015
  /*016-031*/  016 017 018 019 020 021 022 023 024 025 026 027 028 029 030 031
  /*032-047*/  032 033 034 035 036 037 038 039 040 041 042 043 044 045 046 047
  /*048-063*/  048 049 050 051 052 053 054 055 056 057 058 059 060 061 062 063
  /*064-079*/  064 065 066 067 068 069 070 071 072 073 074 075 076 077 078 079
  /*080-095*/  080 081 082 083 084 085 086 087 088 089 090 091 092 093 094 095
  /*096-111*/  096 097 098 099 100 101 102 103 104 105 106 107 108 109 110 111
  /*112-127*/  112 113 114 115 116 117 118 119 120 121 122 123 124 125 126 127
  /*128-143*/  170 176 177 178 179 180 185 186 187 188 191 192 193 194 195 196
  /*144-159*/  197 200 201 202 203 204 205 206 217 218 219 220 223 254 174 175
  /*160-175*/  255 164 244 157 207 149 151 245 249 230 184 155 141 240 166 189
  /*176-191*/  248 165 242 136 239 150 152 243 247 231 173 156 171 241 167 190
  /*192-207*/  232 181 182 198 142 145 143 128 172 144 168 211 183 214 215 210
  /*208-223*/  209 227 213 224 226 138 153 158 252 222 233 235 154 237 221 225
  /*224-239*/  234 160 131 199 132 146 134 135 159 130 169 137 216 161 140 212
  /*240-255*/  208 228 229 162 147 139 148 246 253 133 163 251 129 236 238 250
