# ISO 8859-15 is identical to ISO 8859-1 except for the following codepoints
# Euro                 0xA4 164       Formerly international currency symbol
# OE oe ligatures 0xBC 0xBD 188, 189  Formerly 1/4, 1/2
# Z z with Caron 0xB4 0xB8  180, 184  Formerly acute accent, cedilla
# S s with Caron 0xA6 0xA8  166, 168  Formerly broken bar, diaeresis
# Capital Y diaeresis 0xBE  190       Formerly 3/4
# (small y diaeresis is already at 0xFF/255)

#---------------------------------------------------------------------------
# one to one interchange with ISO 8859-1
CONVERT
SOURCE-NAME "ISO8859-15"
TARGET-NAME "ISO8859-1"
TYPE "1"
  /*000-015*/  000 001 002 003 004 005 006 007 008 009 010 011 012 013 014 015
  /*016-031*/  016 017 018 019 020 021 022 023 024 025 026 027 028 029 030 031
  /*032-047*/  032 033 034 035 036 037 038 039 040 041 042 043 044 045 046 047
  /*048-063*/  048 049 050 051 052 053 054 055 056 057 058 059 060 061 062 063
  /*064-079*/  064 065 066 067 068 069 070 071 072 073 074 075 076 077 078 079
  /*080-095*/  080 081 082 083 084 085 086 087 088 089 090 091 092 093 094 095
  /*096-111*/  096 097 098 099 100 101 102 103 104 105 106 107 108 109 110 111
  /*112-127*/  112 113 114 115 116 117 118 119 120 121 122 123 124 125 126 127
  /*128-143*/  128 129 130 131 132 133 134 135 136 137 138 139 140 141 142 143
  /*144-159*/  144 145 146 147 148 149 150 151 152 153 154 155 156 157 158 159
  /*160-175*/  160 161 162 163 164 165 166 167 168 169 170 171 172 173 174 175
  /*176-191*/  176 177 178 179 180 181 182 183 184 185 186 187 188 189 190 191
  /*192-207*/  192 193 194 195 196 197 198 199 200 201 202 203 204 205 206 207
  /*208-223*/  208 209 210 211 212 213 214 215 216 217 218 219 220 221 222 223
  /*224-239*/  224 225 226 227 228 229 230 231 232 233 234 235 236 237 238 239
  /*240-255*/  240 241 242 243 244 245 246 247 248 249 250 251 252 253 254 255
ENDTABLE
ENDCONVERT

#---------------------------------------------------------------------------
# This contains the data needed to convert from
# ISO8859-15 to ibm codepage 858
# Same as iso 8859-1 to ibm850 except euro at 164 and 213, 151 and 207
CONVERT
SOURCE-NAME "ISO8859-15"
TARGET-NAME "IBM858"
TYPE "1"
  /*000-015*/  000 001 002 003 004 005 006 007 008 009 010 011 012 013 014 015
  /*016-031*/  016 017 018 019 020 021 022 023 024 025 026 027 028 029 030 031
  /*032-047*/  032 033 034 035 036 037 038 039 040 041 042 043 044 045 046 047
  /*048-063*/  048 049 050 051 052 053 054 055 056 057 058 059 060 061 062 063
  /*064-079*/  064 065 066 067 068 069 070 071 072 073 074 075 076 077 078 079
  /*080-095*/  080 081 082 083 084 085 086 087 088 089 090 091 092 093 094 095
  /*096-111*/  096 097 098 099 100 101 102 103 104 105 106 107 108 109 110 111
  /*112-127*/  112 113 114 115 116 117 118 119 120 121 122 123 124 125 126 127
  /*128-143*/  176 177 178 179 180 185 186 187 188 191 192 193 194 195 196 197
  /*144-159*/  200 201 202 203 204 205 206 207 217 218 219 220 223 242 254 159
  /*160-175*/  255 173 189 156 213 190 221 245 249 184 166 174 170 240 169 238
  /*176-191*/  248 241 253 252 239 230 244 250 247 251 167 175 172 171 243 168
  /*192-207*/  183 181 182 199 142 143 146 128 212 144 210 211 222 214 215 216
  /*208-223*/  209 165 227 224 226 229 153 158 157 235 233 234 154 237 232 225
  /*224-239*/  133 160 131 198 132 134 145 135 138 130 136 137 141 161 140 139
  /*240-255*/  208 164 149 162 147 228 148 246 155 151 163 150 129 236 231 152
ENDTABLE
ENDCONVERT


#---------------------------------------------------------------------------
# This contains the data needed to convert from
# ISO8859-15 to ibm codepage 850
# Same as iso 8859-1 to ibm850 except euro at 164 and 213, 151 and 207
CONVERT
SOURCE-NAME "ISO8859-15"
TARGET-NAME "IBM850"
TYPE "1"
  /*000-015*/  000 001 002 003 004 005 006 007 008 009 010 011 012 013 014 015
  /*016-031*/  016 017 018 019 020 021 022 023 024 025 026 027 028 029 030 031
  /*032-047*/  032 033 034 035 036 037 038 039 040 041 042 043 044 045 046 047
  /*048-063*/  048 049 050 051 052 053 054 055 056 057 058 059 060 061 062 063
  /*064-079*/  064 065 066 067 068 069 070 071 072 073 074 075 076 077 078 079
  /*080-095*/  080 081 082 083 084 085 086 087 088 089 090 091 092 093 094 095
  /*096-111*/  096 097 098 099 100 101 102 103 104 105 106 107 108 109 110 111
  /*112-127*/  112 113 114 115 116 117 118 119 120 121 122 123 124 125 126 127
  /*128-143*/  176 177 178 179 180 185 186 187 188 191 192 193 194 195 196 197
  /*144-159*/  200 201 202 203 204 205 206 207 217 218 219 220 223 242 254 159
  /*160-175*/  255 173 189 156 213 190 221 245 249 184 166 174 170 240 169 238
  /*176-191*/  248 241 253 252 239 230 244 250 247 251 167 175 172 171 243 168
  /*192-207*/  183 181 182 199 142 143 146 128 212 144 210 211 222 214 215 216
  /*208-223*/  209 165 227 224 226 229 153 158 157 235 233 234 154 237 232 225
  /*224-239*/  133 160 131 198 132 134 145 135 138 130 136 137 141 161 140 139
  /*240-255*/  208 164 149 162 147 228 148 246 155 151 163 150 129 236 231 152
ENDTABLE
ENDCONVERT

#---------------------------------------------------------------------------
# This table contains the attributes for code page ISO8859-15
CODEPAGE
CODEPAGE-NAME "ISO8859-15"
TYPE "1"
ISALPHA
  /*000-015*/  000 000 000 000 000 000 000 000 000 000 000 000 000 000 000 000
  /*016-031*/  000 000 000 000 000 000 000 000 000 000 000 000 000 000 000 000
  /*032-047*/  000 000 000 000 000 000 000 000 000 000 000 000 000 000 000 000
  /*048-063*/  000 000 000 000 000 000 000 000 000 000 000 000 000 000 000 000
  /*064-079*/  000 001 001 001 001 001 001 001 001 001 001 001 001 001 001 001
  /*080-095*/  001 001 001 001 001 001 001 001 001 001 001 000 000 000 000 000
  /*096-111*/  000 001 001 001 001 001 001 001 001 001 001 001 001 001 001 001
  /*112-127*/  001 001 001 001 001 001 001 001 001 001 001 000 000 000 000 000
  /*128-143*/  000 000 000 000 000 000 000 000 000 000 000 000 000 000 001 000
  /*144-159*/  000 000 000 000 000 000 000 000 000 000 000 000 000 000 001 000
  /*160-175*/  000 000 000 000 000 000 001 000 001 000 000 000 000 000 000 000
  /*176-191*/  000 000 000 000 001 000 000 000 001 000 000 000 001 001 001 000
  /*192-207*/  001 001 001 001 001 001 001 001 001 001 001 001 001 001 001 001
  /*208-223*/  001 001 001 001 001 001 001 000 001 001 001 001 001 001 001 001
  /*224-239*/  001 001 001 001 001 001 001 001 001 001 001 001 001 001 001 001
  /*240-255*/  001 001 001 001 001 001 001 000 001 001 001 001 001 001 001 001
ENDTABLE
ENDCODEPAGE


#---------------------------------------------------------------------------
# Case tables for code page ISO8859-15 and case table basic
CASE
CODEPAGE-NAME ISO8859-15
CASETABLE-NAME BASIC
TYPE 1
UPPERCASE-MAP
  /*000-015*/  000 001 002 003 004 005 006 007 008 009 010 011 012 013 014 015
  /*016-031*/  016 017 018 019 020 021 022 023 024 025 026 027 028 029 030 031
  /*032-047*/  032 033 034 035 036 037 038 039 040 041 042 043 044 045 046 047
  /*048-063*/  048 049 050 051 052 053 054 055 056 057 058 059 060 061 062 063
  /*064-079*/  064 065 066 067 068 069 070 071 072 073 074 075 076 077 078 079
  /*080-095*/  080 081 082 083 084 085 086 087 088 089 090 091 092 093 094 095
  /*096-111*/  096 065 066 067 068 069 070 071 072 073 074 075 076 077 078 079
  /*112-127*/  080 081 082 083 084 085 086 087 088 089 090 123 124 125 126 127
  /*128-143*/  128 129 130 131 132 133 134 135 136 137 138 139 140 141 142 143
  /*144-159*/  144 145 146 147 148 149 150 151 152 153 154 155 156 157 158 159
  /*160-175*/  160 161 162 163 164 165 166 167 166 169 170 171 172 173 174 175
  /*176-191*/  176 177 178 179 180 181 182 183 184 185 186 187 188 188 190 191
  /*192-207*/  192 193 194 195 196 197 198 199 200 201 202 203 204 205 206 207
  /*208-223*/  208 209 210 211 212 213 214 215 216 217 218 219 220 221 222 223
  /*224-239*/  192 193 194 195 196 197 198 199 200 201 202 203 204 205 206 207
  /*240-255*/  208 209 210 211 212 213 214 247 216 217 218 219 220 221 222 190
ENDTABLE
LOWERCASE-MAP
  /*000-015*/  000 001 002 003 004 005 006 007 008 009 010 011 012 013 014 015
  /*016-031*/  016 017 018 019 020 021 022 023 024 025 026 027 028 029 030 031
  /*032-047*/  032 033 034 035 036 037 038 039 040 041 042 043 044 045 046 047
  /*048-063*/  048 049 050 051 052 053 054 055 056 057 058 059 060 061 062 063
  /*064-079*/  064 097 098 099 100 101 102 103 104 105 106 107 108 109 110 111
  /*080-095*/  112 113 114 115 116 117 118 119 120 121 122 091 092 093 094 095
  /*096-111*/  096 097 098 099 100 101 102 103 104 105 106 107 108 109 110 111
  /*112-127*/  112 113 114 115 116 117 118 119 120 121 122 123 124 125 126 127
  /*128-143*/  128 129 130 131 132 133 134 135 136 137 138 139 140 141 142 143
  /*144-159*/  144 145 146 147 148 149 150 151 152 153 154 155 156 157 158 159
  /*160-175*/  160 161 162 163 164 165 168 167 168 169 170 171 172 173 174 175
  /*176-191*/  176 177 178 179 184 181 182 183 184 185 186 187 189 189 255 191
  /*192-207*/  224 225 226 227 228 229 230 231 232 233 234 235 236 237 238 239
  /*208-223*/  240 241 242 243 244 245 246 215 248 249 250 251 252 253 254 223
  /*224-239*/  224 225 226 227 228 229 230 231 232 233 234 235 236 237 238 239
  /*240-255*/  240 241 242 243 244 245 246 247 248 249 250 251 252 253 254 255
ENDTABLE
ENDCASE


#---------------------------------------------------------------------------
# Case tables for code page ISO8859-15 and case table French
CASE
CODEPAGE-NAME ISO8859-15
CASETABLE-NAME FRENCH
TYPE 1
UPPERCASE-MAP
  /*000-015*/  000 001 002 003 004 005 006 007 008 009 010 011 012 013 014 015
  /*016-031*/  016 017 018 019 020 021 022 023 024 025 026 027 028 029 030 031
  /*032-047*/  032 033 034 035 036 037 038 039 040 041 042 043 044 045 046 047
  /*048-063*/  048 049 050 051 052 053 054 055 056 057 058 059 060 061 062 063
  /*064-079*/  064 065 066 067 068 069 070 071 072 073 074 075 076 077 078 079
  /*080-095*/  080 081 082 083 084 085 086 087 088 089 090 091 092 093 094 095
  /*096-111*/  096 065 066 067 068 069 070 071 072 073 074 075 076 077 078 079
  /*112-127*/  080 081 082 083 084 085 086 087 088 089 090 123 124 125 126 127
  /*128-143*/  128 129 130 131 132 133 134 135 136 137 138 139 140 141 142 143
  /*144-159*/  144 145 146 147 148 149 150 151 152 153 154 155 156 157 158 159
  /*160-175*/  160 161 162 163 164 165 166 167 166 169 170 171 172 173 174 175
  /*176-191*/  176 177 178 179 180 181 182 183 180 185 186 187 188 188 190 191
  /*192-207*/  192 193 194 195 196 197 198 199 200 201 202 203 204 205 206 207
  /*208-223*/  208 209 210 211 212 213 214 215 216 217 218 219 220 221 222 223
  /*224-239*/  065 193 065 195 196 197 198 067 069 069 202 203 204 205 073 073
  /*240-255*/  208 209 210 211 079 213 214 247 216 217 218 085 220 221 222 190
ENDTABLE
LOWERCASE-MAP
  /*000-015*/  000 001 002 003 004 005 006 007 008 009 010 011 012 013 014 015
  /*016-031*/  016 017 018 019 020 021 022 023 024 025 026 027 028 029 030 031
  /*032-047*/  032 033 034 035 036 037 038 039 040 041 042 043 044 045 046 047
  /*048-063*/  048 049 050 051 052 053 054 055 056 057 058 059 060 061 062 063
  /*064-079*/  064 097 098 099 100 101 102 103 104 105 106 107 108 109 110 111
  /*080-095*/  112 113 114 115 116 117 118 119 120 121 122 091 092 093 094 095
  /*096-111*/  096 097 098 099 100 101 102 103 104 105 106 107 108 109 110 111
  /*112-127*/  112 113 114 115 116 117 118 119 120 121 122 123 124 125 126 127
  /*128-143*/  128 129 130 131 132 133 134 135 136 137 138 139 140 141 142 143
  /*144-159*/  144 145 146 147 148 149 150 151 152 153 154 155 156 157 158 159
  /*160-175*/  160 161 162 163 164 165 166 167 168 169 170 171 172 173 174 175
  /*176-191*/  176 177 178 179 180 181 182 183 184 185 186 187 188 189 190 191
  /*192-207*/  224 225 226 227 228 229 230 231 232 233 234 235 236 237 238 239
  /*208-223*/  240 241 242 243 244 245 246 215 248 249 250 251 252 253 254 223
  /*224-239*/  224 225 226 227 228 229 230 231 232 233 234 235 236 237 238 239
  /*240-255*/  240 241 242 243 244 245 246 247 248 249 250 251 252 253 254 255
ENDTABLE
ENDCASE


#---------------------------------------------------------------------------
# Collation tables for code page ISO8859-15 and collation Basic
# Version 1.1, and new characters have new collations from iso 8859-1
COLLATION
CODEPAGE-NAME ISO8859-15
COLLATION-NAME BASIC
COLLATION-TRANSLATION-VERSION 1.1-16
CASE-INSENSITIVE-SORT
  /*000-015*/  000 001 002 003 004 005 006 007 008 009 010 011 012 013 014 015
  /*016-031*/  016 017 018 019 020 021 022 023 024 025 026 027 028 029 030 031
  /*032-047*/  032 033 034 035 036 037 038 039 040 041 042 043 044 045 046 047
  /*048-063*/  048 049 050 051 052 053 054 055 056 057 058 059 060 061 062 063
  /*064-079*/  064 065 066 067 068 069 070 071 072 073 074 075 076 077 078 079
  /*080-095*/  080 081 082 083 084 085 086 087 088 089 090 091 092 093 094 095
  /*096-111*/  096 065 066 067 068 069 070 071 072 073 074 075 076 077 078 079
  /*112-127*/  080 081 082 083 084 085 086 087 088 089 090 123 124 125 126 127
  /*128-143*/  176 177 178 179 180 185 186 187 188 191 192 193 194 195 196 197
  /*144-159*/  200 201 202 203 204 205 206 213 217 218 219 220 223 242 254 158
  /*160-175*/  255 173 189 156 207 190 083 245 083 184 229 174 199 240 199 238
  /*176-191*/  248 241 253 252 090 230 244 250 090 251 229 175 079 079 089 168
  /*192-207*/  065 065 065 065 065 143 146 067 069 069 069 069 073 073 073 073
  /*208-223*/  068 078 079 079 079 079 079 158 157 085 085 085 085 089 222 000
  /*224-239*/  065 065 065 065 065 143 146 067 069 069 069 069 073 073 073 073
  /*240-255*/  068 078 079 079 079 079 079 246 157 085 085 085 085 089 222 089
ENDTABLE
CASE-SENSITIVE-SORT
  /*000-015*/  000 001 002 003 004 005 006 007 008 009 010 011 012 013 014 015
  /*016-031*/  016 017 018 019 020 021 022 023 024 025 026 027 028 029 030 031
  /*032-047*/  032 033 034 035 036 037 038 039 040 041 042 043 044 045 046 047
  /*048-063*/  048 049 050 051 052 053 054 055 056 057 058 059 060 061 062 063
  /*064-079*/  064 065 066 067 068 069 070 071 072 073 074 075 076 077 078 079
  /*080-095*/  080 081 082 083 084 085 086 087 088 089 090 091 092 093 094 095
  /*096-111*/  096 097 098 099 100 101 102 103 104 105 106 107 108 109 110 111
  /*112-127*/  112 113 114 115 116 117 118 119 120 121 122 123 124 125 126 127
  /*128-143*/  176 177 178 179 180 185 186 187 188 191 192 193 194 195 196 197
  /*144-159*/  200 201 202 203 204 205 206 213 217 218 219 220 223 242 254 158
  /*160-175*/  255 173 189 156 207 190 083 245 115 184 229 174 199 240 198 238
  /*176-191*/  248 241 253 252 090 230 244 250 122 251 229 175 079 111 089 168
  /*192-207*/  065 065 065 065 065 143 146 067 069 069 069 069 073 073 073 073
  /*208-223*/  209 078 079 079 079 079 079 158 157 085 085 085 085 089 232 000
  /*224-239*/  097 097 097 097 097 134 145 099 101 101 101 101 105 105 105 105
  /*240-255*/  208 110 111 111 111 111 111 246 155 117 117 117 117 121 231 121
ENDTABLE
ENDCOLLATION


#---------------------------------------------------------------------------
# Collation tables for code page ISO8859-15 and collation Danish
COLLATION
CODEPAGE-NAME ISO8859-15
COLLATION-NAME DANISH
COLLATION-TRANSLATION-VERSION 1.1-16
CASE-INSENSITIVE-SORT
  /*000-015*/  000 001 002 003 004 005 006 007 008 009 010 011 012 013 014 015
  /*016-031*/  016 017 018 019 020 021 022 023 024 025 026 027 028 029 030 031
  /*032-047*/  032 033 034 035 036 037 038 039 040 041 042 043 044 045 046 047
  /*048-063*/  048 049 050 051 052 053 054 055 056 057 058 059 060 061 062 063
  /*064-079*/  064 065 067 069 071 073 075 077 079 081 083 085 087 089 091 093
  /*080-095*/  095 097 099 101 103 105 107 109 111 113 117 125 126 127 128 129
  /*096-111*/  130 065 067 069 071 073 075 077 079 081 083 085 087 089 091 093
  /*112-127*/  095 097 099 101 103 105 107 109 111 113 117 131 132 133 134 135
  /*128-143*/  136 137 138 139 140 141 142 143 144 145 146 147 148 149 150 151
  /*144-159*/  152 153 154 155 156 157 158 159 160 161 162 163 164 165 166 167
  /*160-175*/  168 169 170 171 172 173 101 175 101 177 178 179 180 181 182 183
  /*176-191*/  184 185 186 187 117 189 190 191 117 193 194 195 121 121 113 199
  /*192-207*/  065 065 065 065 119 123 119 069 073 073 073 073 081 081 081 081
  /*208-223*/  200 091 093 093 093 093 121 202 121 105 105 105 115 113 203 205
  /*224-239*/  065 065 065 065 119 123 119 069 073 073 073 073 081 081 081 081
  /*240-255*/  200 091 093 093 093 093 121 206 121 105 105 105 115 113 203 113
ENDTABLE
CASE-SENSITIVE-SORT
  /*000-015*/  000 001 002 003 004 005 006 007 008 009 010 011 012 013 014 015
  /*016-031*/  016 017 018 019 020 021 022 023 024 025 026 027 028 029 030 031
  /*032-047*/  032 033 034 035 036 037 038 039 040 041 042 043 044 045 046 047
  /*048-063*/  048 049 050 051 052 053 054 055 056 057 058 059 060 061 062 063
  /*064-079*/  064 065 067 069 071 073 075 077 079 081 083 085 087 089 091 093
  /*080-095*/  095 097 099 101 103 105 107 109 111 113 117 125 126 127 128 129
  /*096-111*/  130 066 068 070 072 074 076 078 080 082 084 086 088 090 092 094
  /*112-127*/  096 098 100 102 104 106 108 110 112 114 118 131 132 133 134 135
  /*128-143*/  136 137 138 139 140 141 142 143 144 145 146 147 148 149 150 151
  /*144-159*/  152 153 154 155 156 157 158 159 160 161 162 163 164 165 166 167
  /*160-175*/  168 169 170 171 172 173 101 175 102 177 178 179 180 181 182 183
  /*176-191*/  184 185 186 187 117 189 190 191 118 193 194 195 121 122 207 199
  /*192-207*/  065 065 065 065 119 123 119 069 073 073 073 073 081 081 081 081
  /*208-223*/  200 091 093 093 093 093 121 202 121 105 105 105 115 113 203 205
  /*224-239*/  066 066 066 066 120 124 120 070 074 074 074 074 082 082 082 082
  /*240-255*/  201 092 094 094 094 094 122 206 122 106 106 106 116 114 204 208
ENDTABLE
ENDCOLLATION


#---------------------------------------------------------------------------
# Collation tables for code page ISO8859-15 and collation Finnish
COLLATION
CODEPAGE-NAME ISO8859-15
COLLATION-NAME FINNISH
COLLATION-TRANSLATION-VERSION 1.0-16
CASE-INSENSITIVE-SORT
  /*000-015*/  000 001 002 003 004 005 006 007 008 009 010 011 012 013 014 015 
  /*016-031*/  016 017 018 019 020 021 022 023 024 025 026 027 028 029 030 031 
  /*032-047*/  032 033 034 035 036 037 038 039 040 041 042 043 044 045 046 047 
  /*048-063*/  048 049 050 051 052 053 054 055 056 057 058 059 060 061 062 063 
  /*064-079*/  064 065 067 069 071 073 075 077 079 081 083 085 087 089 091 093 
  /*080-095*/  095 097 099 101 103 105 107 109 111 113 115 123 124 125 126 127 
  /*096-111*/  128 065 067 069 071 073 075 077 079 081 083 085 087 089 091 093 
  /*112-127*/  095 097 099 101 103 105 107 109 111 113 115 129 130 131 132 133 
  /*128-143*/  134 135 136 137 138 139 140 141 142 143 144 145 146 147 148 149 
  /*144-159*/  150 151 152 153 154 155 156 157 158 159 160 161 162 163 164 165 
  /*160-175*/  166 167 168 169 170 171 101 173 101 175 176 177 178 179 180 181 
  /*176-191*/  182 183 184 185 115 187 188 189 115 191 192 193 121 121 113 197 
  /*192-207*/  065 065 065 065 119 117 065 069 073 073 073 073 081 081 081 081 
  /*208-223*/  071 091 093 093 093 093 121 198 093 105 105 105 105 113 199 201 
  /*224-239*/  065 065 065 065 119 117 065 069 073 073 073 073 081 081 081 081 
  /*240-255*/  071 091 093 093 093 093 121 202 093 105 105 105 105 113 199 113 
ENDTABLE
CASE-SENSITIVE-SORT
  /*000-015*/  000 001 002 003 004 005 006 007 008 009 010 011 012 013 014 015 
  /*016-031*/  016 017 018 019 020 021 022 023 024 025 026 027 028 029 030 031 
  /*032-047*/  032 033 034 035 036 037 038 039 040 041 042 043 044 045 046 047 
  /*048-063*/  048 049 050 051 052 053 054 055 056 057 058 059 060 061 062 063 
  /*064-079*/  064 065 067 069 071 073 075 077 079 081 083 085 087 089 091 093 
  /*080-095*/  095 097 099 101 103 105 107 109 111 113 115 123 124 125 126 127 
  /*096-111*/  128 066 068 070 072 074 076 078 080 082 084 086 088 090 092 094 
  /*112-127*/  096 098 100 102 104 106 108 110 112 114 116 129 130 131 132 133 
  /*128-143*/  134 135 136 137 138 139 140 141 142 143 144 145 146 147 148 149 
  /*144-159*/  150 151 152 153 154 155 156 157 158 159 160 161 162 163 164 165 
  /*160-175*/  166 167 168 169 170 171 101 173 102 175 176 177 178 179 180 181 
  /*176-191*/  182 183 184 185 115 187 188 189 116 191 192 193 121 122 203 197 
  /*192-207*/  065 065 065 065 119 117 065 069 073 073 073 073 081 081 081 081 
  /*208-223*/  071 091 093 093 093 093 121 198 093 105 105 105 105 113 199 201 
  /*224-239*/  066 066 066 066 120 118 066 070 074 074 074 074 082 082 082 082 
  /*240-255*/  072 092 094 094 094 094 122 202 094 106 106 106 106 114 200 204 
ENDTABLE
ENDCOLLATION


#---------------------------------------------------------------------------
# Collation tables for code page ISO8859-15 and collation German9 (V9 German-Library)
COLLATION
CODEPAGE-NAME ISO8859-15
COLLATION-NAME GERMAN9
COLLATION-TRANSLATION-VERSION 1.1-16
CASE-INSENSITIVE-SORT
  /*000-015*/  000 001 002 003 004 005 006 007 008 009 010 011 012 013 014 015
  /*016-031*/  016 017 018 019 020 021 022 023 024 025 026 027 028 029 254 255
  /*032-047*/  030 031 032 033 034 035 036 037 038 039 040 041 042 043 044 045
  /*048-063*/  046 047 048 049 050 051 052 053 054 055 056 057 058 059 060 061
  /*064-079*/  062 063 065 066 067 068 069 070 071 072 073 074 075 076 077 078
  /*080-095*/  080 081 082 083 084 085 087 088 089 090 091 121 122 123 124 125
  /*096-111*/  126 063 065 066 067 068 069 070 071 072 073 074 075 076 077 078
  /*112-127*/  080 081 082 083 084 085 087 088 089 090 091 127 128 129 130 131
  /*128-143*/  132 133 134 135 136 137 138 139 140 141 083 142 079 143 144 145
  /*144-159*/  146 147 148 149 150 151 152 153 154 155 083 156 079 157 158 090
  /*160-175*/  160 161 162 163 164 165 083 167 083 169 170 171 172 173 174 175
  /*176-191*/  176 177 178 179 091 181 182 183 091 185 186 187 079 079 090 191
  /*192-207*/  063 063 063 063 064 063 064 066 068 068 068 068 072 072 072 072
  /*208-223*/  067 077 078 078 078 078 079 192 079 085 085 085 086 090 193 000
  /*224-239*/  063 063 063 063 064 063 064 066 068 068 068 068 072 072 072 072
  /*240-255*/  067 077 078 078 078 078 079 195 079 085 085 085 086 090 193 090
ENDTABLE
CASE-SENSITIVE-SORT
  /*000-015*/  000 001 002 003 004 005 006 007 008 009 010 011 012 013 014 015
  /*016-031*/  016 017 018 019 020 021 022 023 024 025 026 027 028 029 254 255
  /*032-047*/  030 031 032 033 034 035 036 037 038 039 040 041 042 043 044 045
  /*048-063*/  046 047 048 049 050 051 052 053 054 055 056 057 058 059 060 061
  /*064-079*/  062 063 065 066 067 068 069 070 071 072 073 074 075 076 077 078
  /*080-095*/  080 081 082 083 084 085 087 088 089 090 091 121 122 123 124 125
  /*096-111*/  126 092 094 095 096 097 098 099 100 101 102 103 104 105 106 107
  /*112-127*/  109 110 111 112 113 114 116 117 118 119 120 127 128 129 130 131
  /*128-143*/  132 133 134 135 136 137 138 139 140 141 083 142 079 143 144 145
  /*144-159*/  146 147 148 149 150 151 152 153 154 155 112 156 108 157 158 090
  /*160-175*/  160 161 162 163 164 165 083 167 112 169 170 171 172 173 174 175
  /*176-191*/  176 177 178 179 091 181 182 183 120 185 186 187 079 108 090 191
  /*192-207*/  063 063 063 063 064 063 064 066 068 068 068 068 072 072 072 072
  /*208-223*/  067 077 078 078 078 078 079 192 079 085 085 085 086 090 193 000
  /*224-239*/  092 092 092 092 093 092 093 095 097 097 097 097 101 101 101 101
  /*240-255*/  096 106 107 107 107 107 108 195 108 114 114 114 115 119 194 119
ENDTABLE
ENDCOLLATION


#---------------------------------------------------------------------------
# Collation tables for code page ISO8859-15 and collation Norwegian
COLLATION
CODEPAGE-NAME ISO8859-15
COLLATION-NAME NORWEGIAN
COLLATION-TRANSLATION-VERSION 1.1-16
CASE-INSENSITIVE-SORT
  /*000-015*/  000 001 002 003 004 005 006 007 008 009 010 011 012 013 014 015
  /*016-031*/  016 017 018 019 020 021 022 023 024 025 026 027 028 029 030 031
  /*032-047*/  032 033 034 035 036 037 038 039 040 041 042 043 044 045 046 047
  /*048-063*/  048 049 050 051 052 053 054 055 056 057 058 059 060 061 062 063
  /*064-079*/  064 065 067 069 071 073 075 077 079 081 083 085 087 089 091 093
  /*080-095*/  095 097 099 101 103 105 107 109 111 113 117 125 126 127 128 129
  /*096-111*/  130 065 067 069 071 073 075 077 079 081 083 085 087 089 091 093
  /*112-127*/  095 097 099 101 103 105 107 109 111 113 117 131 132 133 134 135
  /*128-143*/  136 137 138 139 140 141 142 143 144 145 146 147 148 149 150 151
  /*144-159*/  152 153 154 155 156 157 158 159 160 161 162 163 164 165 166 167
  /*160-175*/  168 169 170 171 172 173 101 175 101 177 178 179 180 181 182 183
  /*176-191*/  184 185 186 187 117 189 190 191 117 193 194 195 121 121 113 199
  /*192-207*/  065 065 065 065 119 123 119 069 073 073 073 073 081 081 081 081
  /*208-223*/  200 091 093 093 093 093 121 202 121 105 105 105 115 113 203 205
  /*224-239*/  065 065 065 065 119 123 119 069 073 073 073 073 081 081 081 081
  /*240-255*/  200 091 093 093 093 093 121 206 121 105 105 105 115 113 203 113
ENDTABLE
CASE-SENSITIVE-SORT
  /*000-015*/  000 001 002 003 004 005 006 007 008 009 010 011 012 013 014 015
  /*016-031*/  016 017 018 019 020 021 022 023 024 025 026 027 028 029 030 031
  /*032-047*/  032 033 034 035 036 037 038 039 040 041 042 043 044 045 046 047
  /*048-063*/  048 049 050 051 052 053 054 055 056 057 058 059 060 061 062 063
  /*064-079*/  064 065 067 069 071 073 075 077 079 081 083 085 087 089 091 093
  /*080-095*/  095 097 099 101 103 105 107 109 111 113 117 125 126 127 128 129
  /*096-111*/  130 066 068 070 072 074 076 078 080 082 084 086 088 090 092 094
  /*112-127*/  096 098 100 102 104 106 108 110 112 114 118 131 132 133 134 135
  /*128-143*/  136 137 138 139 140 141 142 143 144 145 146 147 148 149 150 151
  /*144-159*/  152 153 154 155 156 157 158 159 160 161 162 163 164 165 166 167
  /*160-175*/  168 169 170 171 172 173 101 175 102 177 178 179 180 181 182 183
  /*176-191*/  184 185 186 187 117 189 190 191 118 193 194 195 121 122 207 199
  /*192-207*/  065 065 065 065 119 123 119 069 073 073 073 073 081 081 081 081
  /*208-223*/  200 091 093 093 093 093 121 202 121 105 105 105 115 113 203 205
  /*224-239*/  066 066 066 066 120 124 120 070 074 074 074 074 082 082 082 082
  /*240-255*/  201 092 094 094 094 094 122 206 122 106 106 106 116 114 204 208
ENDTABLE
ENDCOLLATION


#---------------------------------------------------------------------------
# Collation tables for code page ISO8859-15 and collation Swedish
COLLATION
CODEPAGE-NAME ISO8859-15
COLLATION-NAME SWEDISH
COLLATION-TRANSLATION-VERSION 1.1-16
CASE-INSENSITIVE-SORT
  /*000-015*/  000 001 002 003 004 005 006 007 008 009 010 011 012 013 014 015 
  /*016-031*/  016 017 018 019 020 021 022 023 024 025 026 027 028 029 030 031 
  /*032-047*/  032 033 034 035 036 037 038 039 040 041 042 043 044 045 046 047 
  /*048-063*/  048 049 050 051 052 053 054 055 056 057 058 059 060 061 062 063 
  /*064-079*/  064 065 067 069 071 073 075 077 079 081 083 085 087 089 091 093 
  /*080-095*/  095 097 099 101 103 105 107 109 111 113 115 123 124 125 126 127 
  /*096-111*/  128 065 067 069 071 073 075 077 079 081 083 085 087 089 091 093 
  /*112-127*/  095 097 099 101 103 105 107 109 111 113 115 129 130 131 132 133 
  /*128-143*/  134 135 136 137 138 139 140 141 142 143 144 145 146 147 148 149 
  /*144-159*/  150 151 152 153 154 155 156 157 158 159 160 161 162 163 164 165 
  /*160-175*/  166 167 168 169 170 171 101 173 101 175 176 177 178 179 180 181 
  /*176-191*/  182 183 184 185 115 187 188 189 115 191 192 193 121 121 113 197 
  /*192-207*/  065 065 065 065 119 117 065 069 073 073 073 073 081 081 081 081 
  /*208-223*/  071 091 093 093 093 093 121 198 093 105 105 105 105 113 199 201 
  /*224-239*/  065 065 065 065 119 117 065 069 073 073 073 073 081 081 081 081 
  /*240-255*/  071 091 093 093 093 093 121 202 093 105 105 105 105 113 199 113 
ENDTABLE
CASE-SENSITIVE-SORT
  /*000-015*/  000 001 002 003 004 005 006 007 008 009 010 011 012 013 014 015 
  /*016-031*/  016 017 018 019 020 021 022 023 024 025 026 027 028 029 030 031 
  /*032-047*/  032 033 034 035 036 037 038 039 040 041 042 043 044 045 046 047 
  /*048-063*/  048 049 050 051 052 053 054 055 056 057 058 059 060 061 062 063 
  /*064-079*/  064 065 067 069 071 073 075 077 079 081 083 085 087 089 091 093 
  /*080-095*/  095 097 099 101 103 105 107 109 111 113 115 123 124 125 126 127 
  /*096-111*/  128 066 068 070 072 074 076 078 080 082 084 086 088 090 092 094 
  /*112-127*/  096 098 100 102 104 106 108 110 112 114 116 129 130 131 132 133 
  /*128-143*/  134 135 136 137 138 139 140 141 142 143 144 145 146 147 148 149 
  /*144-159*/  150 151 152 153 154 155 156 157 158 159 160 161 162 163 164 165 
  /*160-175*/  166 167 168 169 170 171 101 173 102 175 176 177 178 179 180 181 
  /*176-191*/  182 183 184 185 115 187 188 189 116 191 192 193 121 122 203 197 
  /*192-207*/  065 065 065 065 119 117 065 069 073 073 073 073 081 081 081 081 
  /*208-223*/  071 091 093 093 093 093 121 198 093 105 105 105 105 113 199 201 
  /*224-239*/  066 066 066 066 120 118 066 070 074 074 074 074 082 082 082 082 
  /*240-255*/  072 092 094 094 094 094 122 202 094 106 106 106 106 114 200 204 
ENDTABLE
ENDCOLLATION


#---------------------------------------------------------------------------
# Collation tables for code page ISO8859-15 and collation Icelandic
COLLATION
CODEPAGE-NAME ISO8859-15
COLLATION-NAME ICELANDIC
COLLATION-TRANSLATION-VERSION 1.1-16
CASE-INSENSITIVE-SORT
  /*000-015*/  000 001 002 003 004 005 006 007 008 009 010 011 012 013 014 015
  /*016-031*/  016 017 018 019 020 021 022 023 024 025 026 027 028 029 030 031
  /*032-047*/  032 033 034 035 036 037 038 039 040 041 042 043 044 045 046 047
  /*048-063*/  048 049 050 051 052 053 054 055 056 057 058 059 060 061 062 063
  /*064-079*/  064 065 069 071 073 077 081 083 085 087 091 093 095 097 099 101
  /*080-095*/  105 107 109 111 113 115 119 121 123 125 129 137 138 139 140 141
  /*096-111*/  142 065 069 071 073 077 081 083 085 087 091 093 095 097 099 101
  /*112-127*/  105 107 109 111 113 115 119 121 123 125 129 143 144 145 146 147
  /*128-143*/  148 149 150 151 152 153 154 155 156 157 158 159 160 161 162 163
  /*144-159*/  164 165 166 167 168 169 170 171 172 173 174 175 176 177 178 179
  /*160-175*/  180 181 182 183 184 185 111 187 111 189 190 191 192 193 194 195
  /*176-191*/  196 197 198 199 129 201 202 203 129 205 206 207 135 135 125 211
  /*192-207*/  065 067 065 065 065 065 133 071 077 079 077 077 087 089 087 087
  /*208-223*/  075 099 101 103 101 101 135 212 101 115 117 115 115 127 131 213
  /*224-239*/  065 067 065 065 065 065 133 071 077 079 077 077 087 089 087 087
  /*240-255*/  075 099 101 103 101 101 135 214 101 115 117 115 115 127 131 125
ENDTABLE
CASE-SENSITIVE-SORT
  /*000-015*/  000 001 002 003 004 005 006 007 008 009 010 011 012 013 014 015
  /*016-031*/  016 017 018 019 020 021 022 023 024 025 026 027 028 029 030 031
  /*032-047*/  032 033 034 035 036 037 038 039 040 041 042 043 044 045 046 047
  /*048-063*/  048 049 050 051 052 053 054 055 056 057 058 059 060 061 062 063
  /*064-079*/  064 065 069 071 073 077 081 083 085 087 091 093 095 097 099 101
  /*080-095*/  105 107 109 111 113 115 119 121 123 125 129 137 138 139 140 141
  /*096-111*/  142 066 070 072 074 078 082 084 086 088 092 094 096 098 100 102
  /*112-127*/  106 108 110 112 114 116 120 122 124 126 130 143 144 145 146 147
  /*128-143*/  148 149 150 151 152 153 154 155 156 157 158 159 160 161 162 163
  /*144-159*/  164 165 166 167 168 169 170 171 172 173 174 175 176 177 178 179
  /*160-175*/  180 181 182 183 184 185 111 187 112 189 190 191 192 193 194 195
  /*176-191*/  196 197 198 199 129 201 202 203 130 205 206 207 135 136 125 211
  /*192-207*/  065 067 065 065 065 065 133 071 077 079 077 077 087 089 087 087
  /*208-223*/  075 099 101 103 101 101 135 212 101 115 117 115 115 127 131 213
  /*224-239*/  066 068 066 066 066 066 134 072 078 080 078 078 088 090 088 088
  /*240-255*/  076 100 102 104 102 102 136 214 102 116 118 116 116 128 132 126
ENDTABLE
ENDCOLLATION


#---------------------------------------------------------------------------
# Collation tables for code page ISO8859-15 and collation CZECH
COLLATION
CODEPAGE-NAME ISO8859-15
COLLATION-NAME CZECH
COLLATION-TRANSLATION-VERSION 1.0-16
CASE-INSENSITIVE-SORT
  /*000-015*/  000 001 002 003 004 005 006 007 008 009 010 011 012 013 014 015
  /*016-031*/  016 017 018 019 020 021 022 023 024 025 026 027 028 029 030 031
  /*032-047*/  032 033 034 035 036 037 038 039 040 041 042 043 044 045 046 047
  /*048-063*/  048 049 050 051 052 053 054 055 056 057 058 059 060 061 062 063
  /*064-079*/  064 065 067 069 071 073 075 077 079 081 083 085 087 089 091 093
  /*080-095*/  095 097 099 101 105 107 109 111 113 115 117 121 122 123 124 125
  /*096-111*/  126 065 067 069 071 073 075 077 079 081 083 085 087 089 091 093
  /*112-127*/  095 097 099 101 105 107 109 111 113 115 117 127 128 129 130 131
  /*128-143*/  132 133 134 135 136 137 138 139 140 141 142 143 144 145 146 147
  /*144-159*/  148 149 150 151 152 153 154 155 156 157 158 159 160 161 162 163
  /*160-175*/  164 165 166 167 168 169 103 171 103 173 174 175 176 177 178 179
  /*176-191*/  180 181 182 183 119 185 186 187 119 189 190 191 093 093 115 195
  /*192-207*/  065 065 065 065 065 196 198 069 073 073 073 073 081 081 081 081
  /*208-223*/  071 091 093 093 093 093 093 200 201 107 107 107 107 115 203 205
  /*224-239*/  065 065 065 065 065 196 198 069 073 073 073 073 081 081 081 081
  /*240-255*/  071 091 093 093 093 093 093 206 201 107 107 107 107 115 203 115
ENDTABLE
CASE-SENSITIVE-SORT
  /*000-015*/  000 001 002 003 004 005 006 007 008 009 010 011 012 013 014 015
  /*016-031*/  016 017 018 019 020 021 022 023 024 025 026 027 028 029 030 031
  /*032-047*/  032 033 034 035 036 037 038 039 040 041 042 043 044 045 046 047
  /*048-063*/  048 049 050 051 052 053 054 055 056 057 058 059 060 061 062 063
  /*064-079*/  064 065 067 069 071 073 075 077 079 081 083 085 087 089 091 093
  /*080-095*/  095 097 099 101 105 107 109 111 113 115 117 121 122 123 124 125
  /*096-111*/  126 066 068 070 072 074 076 078 080 082 084 086 088 090 092 094
  /*112-127*/  096 098 100 102 106 108 110 112 114 116 118 127 128 129 130 131
  /*128-143*/  132 133 134 135 136 137 138 139 140 141 142 143 144 145 146 147
  /*144-159*/  148 149 150 151 152 153 154 155 156 157 158 159 160 161 162 163
  /*160-175*/  164 165 166 167 168 169 103 171 104 173 174 175 176 177 178 179
  /*176-191*/  180 181 182 183 119 185 186 187 120 189 190 191 093 094 115 195
  /*192-207*/  065 065 065 065 065 196 198 069 073 073 073 073 081 081 081 081
  /*208-223*/  071 091 093 093 093 093 093 200 201 107 107 107 107 115 203 205
  /*224-239*/  066 066 066 066 066 197 199 070 074 074 074 074 082 082 082 082
  /*240-255*/  072 092 094 094 094 094 094 206 202 108 108 108 108 116 204 116
ENDTABLE
ENDCOLLATION

#---------------------------------------------------------------------------
# Conversion table for code page iso-8859-1 to code page ibm861
CONVERT
SOURCE-NAME "ISO8859-15"
TARGET-NAME "IBM861"
TYPE "1"
  /*000-015*/  000 001 002 003 004 005 006 007 008 009 010 011 012 013 014 015
  /*016-031*/  251 017 018 019 252 254 022 023 024 025 026 027 028 029 030 031
  /*032-047*/  032 033 034 035 036 037 038 039 040 041 042 043 044 255 046 047
  /*048-063*/  048 049 050 051 052 053 054 055 056 057 058 059 060 061 062 063
  /*064-079*/  064 065 066 067 068 069 070 071 072 073 074 075 076 077 078 079
  /*080-095*/  080 081 082 083 084 085 086 087 088 089 090 091 092 093 094 095
  /*096-111*/  096 097 098 099 100 101 102 103 104 105 106 107 108 109 110 111
  /*112-127*/  112 113 114 115 116 117 118 119 120 121 122 123 124 125 126 127
  /*128-143*/  158 159 169 176 177 179 180 181 182 183 184 185 186 187 188 189
  /*144-159*/  190 191 192 193 194 195 196 197 198 199 200 201 202 203 204 205
  /*160-175*/  206 173 207 156 016 208 178 021 209 210 211 174 170 045 212 213
  /*176-191*/  248 241 253 214 215 230 020 250 216 217 218 175 172 171 219 168
  /*192-207*/  220 164 221 222 142 143 146 128 223 144 224 226 227 165 228 229
  /*208-223*/  139 231 232 166 233 234 153 235 157 236 167 237 154 151 141 225
  /*224-239*/  133 160 131 238 132 134 145 135 138 130 136 137 239 161 240 242
  /*240-255*/  140 243 244 162 147 245 148 246 155 247 163 150 129 152 149 249
ENDTABLE
ENDCONVERT


#---------------------------------------------------------------------------
# Conversion table for code page ISO8859-15 to code page Roman-8 (1051)
CONVERT
SOURCE-NAME "ISO8859-15"
TARGET-NAME "ROMAN-8"
TYPE "1"
  /*000-015*/  000 001 002 003 004 005 006 007 008 009 010 011 012 013 014 015
  /*016-031*/  016 017 018 019 020 021 022 023 024 025 026 027 028 029 030 031
  /*032-047*/  032 033 034 035 036 037 038 039 040 041 042 043 044 045 046 047
  /*048-063*/  048 049 050 051 052 053 054 055 056 057 058 059 060 061 062 063
  /*064-079*/  064 065 066 067 068 069 070 071 072 073 074 075 076 077 078 079
  /*080-095*/  080 081 082 083 084 085 086 087 088 089 090 091 092 093 094 095
  /*096-111*/  096 097 098 099 100 101 102 103 104 105 106 107 108 109 110 111
  /*112-127*/  112 113 114 115 116 117 118 119 120 121 122 123 124 125 126 127
  /*128-143*/  128 129 130 131 132 133 134 135 136 137 138 139 140 141 142 143
  /*144-159*/  144 145 146 147 148 149 150 151 152 153 154 155 156 157 158 159
  /*160-175*/  160 184 191 175 186 188 169 189 171 170 249 251 172 246 179 176
  /*176-191*/  187 254 190 235 168 243 244 242 236 238 250 253 247 248 245 185
  /*192-207*/  161 224 162 225 216 208 211 180 163 220 164 165 230 229 166 167
  /*208-223*/  227 182 232 231 223 233 218 252 210 173 237 174 219 177 240 222
  /*224-239*/  200 196 192 226 204 212 215 181 201 197 193 205 217 213 209 221
  /*240-255*/  228 183 202 198 194 234 206 255 214 203 199 195 207 178 241 239
ENDTABLE
ENDCONVERT


#---------------------------------------------------------------------------
# This table convert from code page ibm437 to code page ISO8859-15
CONVERT
SOURCE-NAME "IBM437"
TARGET-NAME "ISO8859-15"
TYPE "1"
  /*000-015*/  000 001 002 003 004 005 006 007 008 009 010 011 012 013 014 015
  /*016-031*/  016 017 018 019 020 021 022 023 024 025 026 027 028 029 030 031
  /*032-047*/  032 033 034 035 036 037 038 039 040 041 042 043 044 045 046 047
  /*048-063*/  048 049 050 051 052 053 054 055 056 057 058 059 060 061 062 063
  /*064-079*/  064 065 066 067 068 069 070 071 072 073 074 075 076 077 078 079
  /*080-095*/  080 081 082 083 084 085 086 087 088 089 090 091 092 093 094 095
  /*096-111*/  096 097 098 099 100 101 102 103 104 105 106 107 108 109 110 111
  /*112-127*/  112 113 114 115 116 117 118 119 120 121 122 123 124 125 126 127
  /*128-143*/  199 252 233 226 228 224 229 231 234 235 232 239 238 236 196 197
  /*144-159*/  201 230 198 244 246 242 251 249 255 214 220 162 163 165 128 129
  /*160-175*/  225 237 243 250 241 209 170 186 191 130 172 189 188 161 171 187
  /*176-191*/  131 132 133 134 135 136 137 138 139 140 141 142 143 144 145 146
  /*192-207*/  147 148 149 150 151 152 153 154 155 156 157 158 159 160 164 166
  /*208-223*/  167 168 169 173 174 175 179 180 182 184 185 190 192 193 194 195
  /*224-239*/  200 223 202 203 204 205 181 206 207 208 210 211 212 213 215 216
  /*240-255*/  217 177 218 219 221 222 247 227 176 240 183 245 248 178 253 254
ENDTABLE
ENDCONVERT

