
#---------------------------------------------------------------------------
# This table contains the attributes for code page 1256
CODEPAGE
CODEPAGE-NAME "1256"
TYPE "1"
ISALPHA
  /*000-015*/  000 000 000 000 000 000 000 000 000 000 000 000 000 000 000 000
  /*016-031*/  000 000 000 000 000 000 000 000 000 000 000 000 000 000 000 000
  /*032-047*/  000 000 000 000 000 000 000 000 000 000 000 000 000 000 000 000
  /*048-063*/  000 000 000 000 000 000 000 000 000 000 000 000 000 000 000 000
  /*064-079*/  000 001 001 001 001 001 001 001 001 001 001 001 001 001 001 001
  /*080-095*/  001 001 001 001 001 001 001 001 001 001 001 000 000 000 000 000
  /*096-111*/  000 001 001 001 001 001 001 001 001 001 001 001 001 001 001 001
  /*112-127*/  001 001 001 001 001 001 001 001 001 001 001 000 000 000 000 000
  /*128-143*/  000 000 000 000 000 000 000 000 000 000 000 000 000 000 000 000
  /*144-159*/  000 000 000 000 000 000 000 000 000 000 000 000 000 000 000 000
  /*160-175*/  000 000 000 000 000 000 000 000 000 000 000 000 000 000 000 000
  /*176-191*/  000 000 000 000 000 000 000 000 000 000 000 000 000 000 000 000
  /*192-207*/  000 001 001 001 001 001 001 001 001 001 001 001 001 001 001 001
  /*208-223*/  001 001 001 001 001 001 001 000 001 001 001 001 000 001 001 001
  /*224-239*/  000 001 000 001 001 001 001 000 000 000 000 000 001 001 000 000
  /*240-255*/  001 001 001 001 000 001 001 000 001 000 001 000 000 000 000 000
ENDTABLE
ENDCODEPAGE


#---------------------------------------------------------------------------
# Case tables for code page 1256 and case table basic
CASE
CODEPAGE-NAME 1256
CASETABLE-NAME BASIC
TYPE 1
UPPERCASE-MAP
  /*000-015*/  000 001 002 003 004 005 006 007 008 009 010 011 012 013 014 015
  /*016-031*/  016 017 018 019 020 021 022 023 024 025 026 027 028 029 030 031
  /*032-047*/  032 033 034 035 036 037 038 039 040 041 042 043 044 045 046 047
  /*048-063*/  048 049 050 051 052 053 054 055 056 057 058 059 060 061 062 063
  /*064-079*/  064 065 066 067 068 069 070 071 072 073 074 075 076 077 078 079
  /*080-095*/  080 081 082 083 084 085 086 087 088 089 090 091 092 093 094 095
  /*096-111*/  096 065 066 067 068 069 070 071 072 073 074 075 076 077 078 079
  /*112-127*/  080 081 082 083 084 085 086 087 088 089 090 123 124 125 126 127
  /*128-143*/  128 129 130 131 132 133 134 135 136 137 138 139 140 141 142 143
  /*144-159*/  144 145 146 147 148 149 150 151 152 153 154 155 156 157 158 159
  /*160-175*/  160 161 162 163 164 165 166 167 168 169 170 171 172 173 174 175
  /*176-191*/  176 177 178 179 180 181 182 183 184 185 186 187 188 189 190 191
  /*192-207*/  192 193 194 195 196 197 198 199 200 201 202 203 204 205 206 207
  /*208-223*/  208 209 210 211 212 213 214 215 216 217 218 219 220 221 222 223
  /*224-239*/  224 225 226 227 228 229 230 231 232 233 234 235 236 237 238 239
  /*240-255*/  240 241 242 243 244 245 246 247 248 249 250 251 252 253 254 255
ENDTABLE
LOWERCASE-MAP
  /*000-015*/  000 001 002 003 004 005 006 007 008 009 010 011 012 013 014 015
  /*016-031*/  016 017 018 019 020 021 022 023 024 025 026 027 028 029 030 031
  /*032-047*/  032 033 034 035 036 037 038 039 040 041 042 043 044 045 046 047
  /*048-063*/  048 049 050 051 052 053 054 055 056 057 058 059 060 061 062 063
  /*064-079*/  064 097 098 099 100 101 102 103 104 105 106 107 108 109 110 111
  /*080-095*/  112 113 114 115 116 117 118 119 120 121 122 091 092 093 094 095
  /*096-111*/  096 097 098 099 100 101 102 103 104 105 106 107 108 109 110 111
  /*112-127*/  112 113 114 115 116 117 118 119 120 121 122 123 124 125 126 127
  /*128-143*/  128 129 130 131 132 133 134 135 136 137 138 139 140 141 142 143
  /*144-159*/  144 145 146 147 148 149 150 151 152 153 154 155 156 157 158 159
  /*160-175*/  160 161 162 163 164 165 166 167 168 169 170 171 172 173 174 175
  /*176-191*/  176 177 178 179 180 181 182 183 184 185 186 187 188 189 190 191
  /*192-207*/  192 193 194 195 196 197 198 199 200 201 202 203 204 205 206 207
  /*208-223*/  208 209 210 211 212 213 214 215 216 217 218 219 220 221 222 223
  /*224-239*/  224 225 226 227 228 229 230 231 232 233 234 235 236 237 238 239
  /*240-255*/  240 241 242 243 244 245 246 247 248 249 250 251 252 253 254 255
ENDTABLE
ENDCASE


#---------------------------------------------------------------------------
# Collation tables for code page 1256 (Arabic) and collation Arabic9
# This is the same as BASIC, but the version is 1.1, which improves collation

COLLATION
CODEPAGE-NAME 1256
COLLATION-NAME ARABIC9
COLLATION-TRANSLATION-VERSION 1.1-16
CASE-INSENSITIVE-SORT
  /*000-015*/  000 001 002 003 004 005 006 007 008 009 010 011 012 013 014 015
  /*016-031*/  016 017 018 019 020 021 022 023 024 025 026 027 028 029 030 031
  /*032-047*/  032 033 034 035 036 037 038 039 040 041 042 043 044 045 046 047
  /*048-063*/  048 049 050 051 052 053 054 055 056 057 058 059 060 061 062 063
  /*064-079*/  064 065 067 069 071 073 075 077 079 081 083 085 087 089 091 093
  /*080-095*/  095 097 099 101 103 105 107 109 111 113 115 161 162 163 164 165
  /*096-111*/  166 065 067 069 071 073 075 077 079 081 083 085 087 089 091 093
  /*112-127*/  095 097 099 101 103 105 107 109 111 113 115 167 168 169 170 171
  /*128-143*/  172 173 174 175 176 177 178 179 180 181 101 182 183 184 185 186
  /*144-159*/  187 188 189 190 191 192 193 194 228 228 196 197 198 199 200 113
  /*160-175*/  201 202 203 204 205 206 207 208 209 210 211 212 213 214 215 216
  /*176-191*/  217 218 219 220 221 222 223 224 225 226 227 228 229 230 231 232
  /*192-207*/  065 117 118 119 120 121 122 123 124 125 126 127 128 129 130 131
  /*208-223*/  132 133 134 135 136 137 138 233 139 140 141 142 234 143 144 145
  /*224-239*/  065 146 065 147 148 149 150 069 073 073 073 073 151 152 081 081
  /*240-255*/  153 154 155 156 093 157 158 235 159 105 160 105 105 236 237 113
ENDTABLE
CASE-SENSITIVE-SORT
  /*000-015*/  000 001 002 003 004 005 006 007 008 009 010 011 012 013 014 015
  /*016-031*/  016 017 018 019 020 021 022 023 024 025 026 027 028 029 030 031
  /*032-047*/  032 033 034 035 036 037 038 039 040 041 042 043 044 045 046 047
  /*048-063*/  048 049 050 051 052 053 054 055 056 057 058 059 060 061 062 063
  /*064-079*/  064 065 067 069 071 073 075 077 079 081 083 085 087 089 091 093
  /*080-095*/  095 097 099 101 103 105 107 109 111 113 115 161 162 163 164 165
  /*096-111*/  166 065 067 069 071 073 075 077 079 081 083 085 087 089 091 093
  /*112-127*/  095 097 099 101 103 105 107 109 111 113 115 167 168 169 170 171
  /*128-143*/  172 173 174 175 176 177 178 179 180 181 101 182 183 184 185 186
  /*144-159*/  187 188 189 190 191 192 193 194 228 228 196 197 198 199 200 113
  /*160-175*/  201 202 203 204 205 206 207 208 209 210 211 212 213 214 215 216
  /*176-191*/  217 218 219 220 221 222 223 224 225 226 227 228 229 230 231 232
  /*192-207*/  065 117 118 119 120 121 122 123 124 125 126 127 128 129 130 131
  /*208-223*/  132 133 134 135 136 137 138 233 139 140 141 142 234 143 144 145
  /*224-239*/  065 146 065 147 148 149 150 069 073 073 073 073 151 152 081 081
  /*240-255*/  153 154 155 156 093 157 158 235 159 105 160 105 105 236 237 113
ENDTABLE
ENDCOLLATION


#---------------------------------------------------------------------------
# Collation tables for code page 1256 (Arabic) and collation Basic
COLLATION
CODEPAGE-NAME 1256
COLLATION-NAME BASIC
COLLATION-TRANSLATION-VERSION 1.0-16
CASE-INSENSITIVE-SORT
  /*000-015*/  000 001 002 003 004 005 006 007 008 009 010 011 012 013 014 015
  /*016-031*/  016 017 018 019 020 021 022 023 024 025 026 027 028 029 030 031
  /*032-047*/  032 033 034 035 036 037 038 039 040 041 042 043 044 045 046 047
  /*048-063*/  048 049 050 051 052 053 054 055 056 057 058 059 060 061 062 063
  /*064-079*/  064 065 067 069 071 073 075 077 079 081 083 085 087 089 091 093
  /*080-095*/  095 097 099 101 103 105 107 109 111 113 115 161 162 163 164 165
  /*096-111*/  166 065 067 069 071 073 075 077 079 081 083 085 087 089 091 093
  /*112-127*/  095 097 099 101 103 105 107 109 111 113 115 167 168 169 170 171
  /*128-143*/  172 173 174 175 176 177 178 179 180 181 101 182 183 184 185 186
  /*144-159*/  187 188 189 190 191 192 193 194 228 228 288 288 198 199 200 113
  /*160-175*/  201 202 203 204 205 206 207 208 209 210 211 212 213 214 215 216
  /*176-191*/  217 218 219 220 221 222 223 224 225 226 227 228 229 230 231 232
  /*192-207*/  065 117 118 119 120 121 122 123 124 125 126 127 128 129 130 131
  /*208-223*/  132 133 134 135 136 137 138 233 139 140 141 142 234 143 144 145
  /*224-239*/  065 146 065 147 148 149 150 069 073 073 073 073 151 152 081 081
  /*240-255*/  153 154 155 156 093 157 158 235 159 105 160 105 105 236 237 113
ENDTABLE
CASE-SENSITIVE-SORT
  /*000-015*/  000 001 002 003 004 005 006 007 008 009 010 011 012 013 014 015
  /*016-031*/  016 017 018 019 020 021 022 023 024 025 026 027 028 029 030 031
  /*032-047*/  032 033 034 035 036 037 038 039 040 041 042 043 044 045 046 047
  /*048-063*/  048 049 050 051 052 053 054 055 056 057 058 059 060 061 062 063
  /*064-079*/  064 065 067 069 071 073 075 077 079 081 083 085 087 089 091 093
  /*080-095*/  095 097 099 101 103 105 107 109 111 113 115 161 162 163 164 165
  /*096-111*/  166 065 067 069 071 073 075 077 079 081 083 085 087 089 091 093
  /*112-127*/  095 097 099 101 103 105 107 109 111 113 115 167 168 169 170 171
  /*128-143*/  172 173 174 175 176 177 178 179 180 181 101 182 183 184 185 186
  /*144-159*/  187 188 189 190 191 192 193 194 228 228 288 288 198 199 200 113
  /*160-175*/  201 202 203 204 205 206 207 208 209 210 211 212 213 214 215 216
  /*176-191*/  217 218 219 220 221 222 223 224 225 226 227 228 229 230 231 232
  /*192-207*/  065 117 118 119 120 121 122 123 124 125 126 127 128 129 130 131
  /*208-223*/  132 133 134 135 136 137 138 233 139 140 141 142 234 143 144 145
  /*224-239*/  065 146 065 147 148 149 150 069 073 073 073 073 151 152 081 081
  /*240-255*/  153 154 155 156 093 157 158 235 159 105 160 105 105 236 237 113
ENDTABLE
ENDCOLLATION


#---------------------------------------------------------------------------
# Case tables for code page 709 ASMO-449+ and case table basic
CASE
CODEPAGE-NAME 709
CASETABLE-NAME BASIC
TYPE 1
UPPERCASE-MAP
  /*000-015*/  000 001 002 003 004 005 006 007 008 009 010 011 012 013 014 015
  /*016-031*/  016 017 018 019 020 021 022 023 024 025 026 027 028 029 030 031
  /*032-047*/  032 033 034 035 036 037 038 039 040 041 042 043 044 045 046 047
  /*048-063*/  048 049 050 051 052 053 054 055 056 057 058 059 060 061 062 063
  /*064-079*/  064 065 066 067 068 069 070 071 072 073 074 075 076 077 078 079
  /*080-095*/  080 081 082 083 084 085 086 087 088 089 090 091 092 093 094 095
  /*096-111*/  096 065 066 067 068 069 070 071 072 073 074 075 076 077 078 079
  /*112-127*/  080 081 082 083 084 085 086 087 088 089 090 123 124 125 126 127
  /*128-143*/  128 129 130 131 132 133 134 135 136 137 138 139 140 141 142 143
  /*144-159*/  144 145 146 147 148 149 150 151 152 153 154 155 156 157 158 159
  /*160-175*/  160 161 162 163 164 165 166 167 168 169 170 171 172 173 174 175
  /*176-191*/  176 177 178 179 180 181 182 183 184 185 186 187 188 189 190 191
  /*192-207*/  192 193 194 195 196 197 198 199 200 201 202 203 204 205 206 207
  /*208-223*/  208 209 210 211 212 213 214 215 216 217 218 219 220 221 222 223
  /*224-239*/  224 225 226 227 228 229 230 231 232 233 234 235 236 237 238 239
  /*240-255*/  240 241 242 243 244 245 246 247 248 249 250 251 252 253 254 255
ENDTABLE
LOWERCASE-MAP
  /*000-015*/  000 001 002 003 004 005 006 007 008 009 010 011 012 013 014 015
  /*016-031*/  016 017 018 019 020 021 022 023 024 025 026 027 028 029 030 031
  /*032-047*/  032 033 034 035 036 037 038 039 040 041 042 043 044 045 046 047
  /*048-063*/  048 049 050 051 052 053 054 055 056 057 058 059 060 061 062 063
  /*064-079*/  064 097 098 099 100 101 102 103 104 105 106 107 108 109 110 111
  /*080-095*/  112 113 114 115 116 117 118 119 120 121 122 091 092 093 094 095
  /*096-111*/  096 097 098 099 100 101 102 103 104 105 106 107 108 109 110 111
  /*112-127*/  112 113 114 115 116 117 118 119 120 121 122 123 124 125 126 127
  /*128-143*/  128 129 130 131 132 133 134 135 136 137 138 139 140 141 142 143
  /*144-159*/  144 145 146 147 148 149 150 151 152 153 154 155 156 157 158 159
  /*160-175*/  160 161 162 163 164 165 166 167 168 169 170 171 172 173 174 175
  /*176-191*/  176 177 178 179 180 181 182 183 184 185 186 187 188 189 190 191
  /*192-207*/  192 193 194 195 196 197 198 199 200 201 202 203 204 205 206 207
  /*208-223*/  208 209 210 211 212 213 214 215 216 217 218 219 220 221 222 223
  /*224-239*/  224 225 226 227 228 229 230 231 232 233 234 235 236 237 238 239
  /*240-255*/  240 241 242 243 244 245 246 247 248 249 250 251 252 253 254 255
ENDTABLE
ENDCASE


#---------------------------------------------------------------------------
# Collation tables for code page 709 ASMO-449+  (Arabic) and collation Basic
COLLATION
CODEPAGE-NAME 709
COLLATION-NAME BASIC
COLLATION-TRANSLATION-VERSION 1.0-16
CASE-INSENSITIVE-SORT
  /*000-015*/  000 001 002 003 004 005 006 007 008 009 010 011 012 013 014 015
  /*016-031*/  016 017 018 019 020 021 022 023 024 025 026 027 028 029 030 031
  /*032-047*/  032 033 034 035 036 037 038 039 040 041 042 043 044 045 046 047
  /*048-063*/  048 049 050 051 052 053 054 055 056 057 058 059 060 061 062 063
  /*064-079*/  064 065 067 069 071 073 075 077 079 081 083 085 087 089 091 093
  /*080-095*/  095 097 099 101 103 105 107 109 111 113 115 161 162 163 164 165
  /*096-111*/  166 065 067 069 071 073 075 077 079 081 083 085 087 089 091 093
  /*112-127*/  095 097 099 101 103 105 107 109 111 113 115 167 168 169 170 171
  /*128-143*/  178 179 180 181 182 183 184 185 186 187 188 189 190 191 192 193
  /*144-159*/  194 195 196 197 198 199 200 201 157 157 157 157 206 207 208 209
  /*160-175*/  210 211 212 213 214 215 216 217 218 219 220 221 222 223 224 225
  /*176-191*/  048 049 050 051 052 053 054 056 057 058 226 227 228 229 230 231
  /*192-207*/  232 128 129 130 131 132 133 134 135 136 137 138 139 140 141 142
  /*208-223*/  143 144 145 146 147 148 149 150 151 152 153 233 234 235 236 237
  /*224-239*/  238 154 155 156 157 158 159 160 161 162 163 164 165 166 167 168
  /*240-255*/  169 170 171 172 173 174 175 176 177 239 240 241 242 243 244 245
ENDTABLE
CASE-SENSITIVE-SORT
  /*000-015*/  000 001 002 003 004 005 006 007 008 009 010 011 012 013 014 015
  /*016-031*/  016 017 018 019 020 021 022 023 024 025 026 027 028 029 030 031
  /*032-047*/  032 033 034 035 036 037 038 039 040 041 042 043 044 045 046 047
  /*048-063*/  048 049 050 051 052 053 054 055 056 057 058 059 060 061 062 063
  /*064-079*/  064 065 067 069 071 073 075 077 079 081 083 085 087 089 091 093
  /*080-095*/  095 097 099 101 103 105 107 109 111 113 115 161 162 163 164 165
  /*096-111*/  166 065 067 069 071 073 075 077 079 081 083 085 087 089 091 093
  /*112-127*/  095 097 099 101 103 105 107 109 111 113 115 167 168 169 170 171
  /*128-143*/  178 179 180 181 182 183 184 185 186 187 188 189 190 191 192 193
  /*144-159*/  194 195 196 197 198 199 200 201 157 157 157 157 206 207 208 209
  /*160-175*/  210 211 212 213 214 215 216 217 218 219 220 221 222 223 224 225
  /*176-191*/  048 049 050 051 052 053 054 056 057 058 226 227 228 229 230 231
  /*192-207*/  232 128 129 130 131 132 133 134 135 136 137 138 139 140 141 142
  /*208-223*/  143 144 145 146 147 148 149 150 151 152 153 233 234 235 236 237
  /*224-239*/  238 154 155 156 157 158 159 160 161 162 163 164 165 166 167 168
  /*240-255*/  169 170 171 172 173 174 175 176 177 239 240 241 242 243 244 245
ENDTABLE
ENDCOLLATION


#---------------------------------------------------------------------------
# This table contains the attributes for code page 709 ASMO-449+
CODEPAGE
CODEPAGE-NAME "709"
TYPE "1"
ISALPHA
  /*000-015*/  000 000 000 000 000 000 000 000 000 000 000 000 000 000 000 000
  /*016-031*/  000 000 000 000 000 000 000 000 000 000 000 000 000 000 000 000
  /*032-047*/  000 000 000 000 000 000 000 000 000 000 000 000 000 000 000 000
  /*048-063*/  000 000 000 000 000 000 000 000 000 000 000 000 000 000 000 000
  /*064-079*/  000 001 001 001 001 001 001 001 001 001 001 001 001 001 001 001
  /*080-095*/  001 001 001 001 001 001 001 001 001 001 001 000 000 000 000 000
  /*096-111*/  000 001 001 001 001 001 001 001 001 001 001 001 001 001 001 001
  /*112-127*/  001 001 001 001 001 001 001 001 001 001 001 000 000 000 000 000
  /*128-143*/  000 000 000 000 000 000 000 000 000 000 000 000 000 000 000 000
  /*144-159*/  000 000 000 000 000 000 000 000 001 001 001 001 000 000 000 000
  /*160-175*/  000 000 000 000 000 000 000 000 000 000 000 000 000 000 000 000
  /*176-191*/  000 000 000 000 000 000 000 000 000 000 000 000 000 000 000 000
  /*192-207*/  000 001 001 001 001 001 001 001 001 001 001 001 001 001 001 001
  /*208-223*/  001 001 001 001 001 001 001 001 001 001 001 000 000 000 000 000
  /*224-239*/  000 001 001 001 001 001 001 001 001 001 001 001 001 001 001 001
  /*240-255*/  001 001 001 001 001 001 001 001 001 000 000 000 000 000 000 000
ENDTABLE
ENDCODEPAGE


#---------------------------------------------------------------------------
# This contains the data needed to convert from
# codepage 1256 to ASMO-449+ codepage 709
CONVERT
SOURCE-NAME "1256"
TARGET-NAME "709"
TYPE "1"
  /*000-015*/  000 001 249 003 004 005 006 007 008 009 010 011 012 013 014 015
  /*016-031*/  016 017 018 019 022 023 024 025 026 027 028 029 030 031 254 255
  /*032-047*/  032 033 034 035 036 037 038 039 040 041 042 043 044 045 046 047
  /*048-063*/  048 049 050 051 052 053 054 055 056 057 058 059 060 061 062 063
  /*064-079*/  064 065 066 067 068 069 070 071 072 073 074 075 076 077 078 079
  /*080-095*/  080 081 082 083 084 085 086 087 088 089 090 091 092 093 094 095
  /*096-111*/  096 097 098 099 100 101 102 103 104 105 106 107 108 109 110 111
  /*112-127*/  112 113 114 115 116 117 118 119 120 121 122 123 124 125 126 127
  /*128-143*/  128 132 174 159 134 141 142 143 144 145 146 190 148 149 155 156
  /*144-159*/  157 158 160 161 162 002 163 224 164 165 166 188 167 252 168 169
  /*160-175*/  171 172 154 176 177 178 179 021 180 181 182 183 184 173 185 186
  /*176-191*/  189 192 220 221 222 223 020 250 153 243 187 244 245 246 247 191
  /*192-207*/  248 193 194 195 196 197 198 199 200 201 202 203 204 205 206 207
  /*208-223*/  208 209 210 211 212 213 214 170 215 216 217 218 219 225 226 227
  /*224-239*/  133 228 131 229 230 231 232 135 138 130 136 137 233 234 140 139
  /*240-255*/  235 236 237 238 147 239 240 175 241 151 242 150 129 251 152 253
ENDTABLE
ENDCONVERT


#---------------------------------------------------------------------------
# Case tables for code page 708 ASMO-708 and case table basic
CASE
CODEPAGE-NAME 708
CASETABLE-NAME BASIC
TYPE 1
UPPERCASE-MAP
  /*000-015*/  000 001 002 003 004 005 006 007 008 009 010 011 012 013 014 015
  /*016-031*/  016 017 018 019 020 021 022 023 024 025 026 027 028 029 030 031
  /*032-047*/  032 033 034 035 036 037 038 039 040 041 042 043 044 045 046 047
  /*048-063*/  048 049 050 051 052 053 054 055 056 057 058 059 060 061 062 063
  /*064-079*/  064 065 066 067 068 069 070 071 072 073 074 075 076 077 078 079
  /*080-095*/  080 081 082 083 084 085 086 087 088 089 090 091 092 093 094 095
  /*096-111*/  096 065 066 067 068 069 070 071 072 073 074 075 076 077 078 079
  /*112-127*/  080 081 082 083 084 085 086 087 088 089 090 123 124 125 126 127
  /*128-143*/  128 129 130 131 132 133 134 135 136 137 138 139 140 141 142 143
  /*144-159*/  144 145 146 147 148 149 150 151 152 153 154 155 156 157 158 159
  /*160-175*/  160 161 162 163 164 165 166 167 168 169 170 171 172 173 174 175
  /*176-191*/  176 177 178 179 180 181 182 183 184 185 186 187 188 189 190 191
  /*192-207*/  192 193 194 195 196 197 198 199 200 201 202 203 204 205 206 207
  /*208-223*/  208 209 210 211 212 213 214 215 216 217 218 219 220 221 222 223
  /*224-239*/  224 225 226 227 228 229 230 231 232 233 234 235 236 237 238 239
  /*240-255*/  240 241 242 243 244 245 246 247 248 249 250 251 252 253 254 255
ENDTABLE
LOWERCASE-MAP
  /*000-015*/  000 001 002 003 004 005 006 007 008 009 010 011 012 013 014 015
  /*016-031*/  016 017 018 019 020 021 022 023 024 025 026 027 028 029 030 031
  /*032-047*/  032 033 034 035 036 037 038 039 040 041 042 043 044 045 046 047
  /*048-063*/  048 049 050 051 052 053 054 055 056 057 058 059 060 061 062 063
  /*064-079*/  064 097 098 099 100 101 102 103 104 105 106 107 108 109 110 111
  /*080-095*/  112 113 114 115 116 117 118 119 120 121 122 091 092 093 094 095
  /*096-111*/  096 097 098 099 100 101 102 103 104 105 106 107 108 109 110 111
  /*112-127*/  112 113 114 115 116 117 118 119 120 121 122 123 124 125 126 127
  /*128-143*/  128 129 130 131 132 133 134 135 136 137 138 139 140 141 142 143
  /*144-159*/  144 145 146 147 148 149 150 151 152 153 154 155 156 157 158 159
  /*160-175*/  160 161 162 163 164 165 166 167 168 169 170 171 172 173 174 175
  /*176-191*/  176 177 178 179 180 181 182 183 184 185 186 187 188 189 190 191
  /*192-207*/  192 193 194 195 196 197 198 199 200 201 202 203 204 205 206 207
  /*208-223*/  208 209 210 211 212 213 214 215 216 217 218 219 220 221 222 223
  /*224-239*/  224 225 226 227 228 229 230 231 232 233 234 235 236 237 238 239
  /*240-255*/  240 241 242 243 244 245 246 247 248 249 250 251 252 253 254 255
ENDTABLE
ENDCASE


#---------------------------------------------------------------------------
# Collation tables for code page 708 ASMO-708  (Arabic) and collation Basic
COLLATION
CODEPAGE-NAME 708
COLLATION-NAME BASIC
COLLATION-TRANSLATION-VERSION 1.0-16
CASE-INSENSITIVE-SORT
  /*000-015*/  000 001 002 003 004 005 006 007 008 009 010 011 012 013 014 015
  /*016-031*/  016 017 018 019 020 021 022 023 024 025 026 027 028 029 030 031
  /*032-047*/  032 033 034 035 036 037 038 039 040 041 042 043 044 045 046 047
  /*048-063*/  048 049 050 051 052 053 054 055 056 057 058 059 060 061 062 063
  /*064-079*/  064 065 067 069 071 073 075 077 079 081 083 085 087 089 091 093
  /*080-095*/  095 097 099 101 103 105 107 109 111 113 115 161 162 163 164 165
  /*096-111*/  166 065 067 069 071 073 075 077 079 081 083 085 087 089 091 093
  /*112-127*/  095 097 099 101 103 105 107 109 111 113 115 167 168 169 170 171
  /*128-143*/  178 179 180 181 182 183 184 185 186 187 188 189 190 191 192 193
  /*144-159*/  194 195 196 197 198 199 200 201 202 203 204 205 206 207 208 209
  /*160-175*/  210 211 212 213 214 215 216 217 218 219 220 221 222 223 224 225
  /*176-191*/  246 247 248 249 250 251 252 253 254 255 226 227 228 229 230 231
  /*192-207*/  232 128 129 130 131 132 133 134 135 136 137 138 139 140 141 142
  /*208-223*/  143 144 145 146 147 148 149 150 151 152 153 233 234 235 236 237
  /*224-239*/  238 154 155 156 157 158 159 160 161 162 163 164 165 166 167 168
  /*240-255*/  169 170 171 172 173 174 175 176 177 239 240 241 242 243 244 245
ENDTABLE
CASE-SENSITIVE-SORT
  /*000-015*/  000 001 002 003 004 005 006 007 008 009 010 011 012 013 014 015
  /*016-031*/  016 017 018 019 020 021 022 023 024 025 026 027 028 029 030 031
  /*032-047*/  032 033 034 035 036 037 038 039 040 041 042 043 044 045 046 047
  /*048-063*/  048 049 050 051 052 053 054 055 056 057 058 059 060 061 062 063
  /*064-079*/  064 065 067 069 071 073 075 077 079 081 083 085 087 089 091 093
  /*080-095*/  095 097 099 101 103 105 107 109 111 113 115 161 162 163 164 165
  /*096-111*/  166 065 067 069 071 073 075 077 079 081 083 085 087 089 091 093
  /*112-127*/  095 097 099 101 103 105 107 109 111 113 115 167 168 169 170 171
  /*128-143*/  178 179 180 181 182 183 184 185 186 187 188 189 190 191 192 193
  /*144-159*/  194 195 196 197 198 199 200 201 202 203 204 205 206 207 208 209
  /*160-175*/  210 211 212 213 214 215 216 217 218 219 220 221 222 223 224 225
  /*176-191*/  246 247 248 249 250 251 252 253 254 255 226 227 228 229 230 231
  /*192-207*/  232 128 129 130 131 132 133 134 135 136 137 138 139 140 141 142
  /*208-223*/  143 144 145 146 147 148 149 150 151 152 153 233 234 235 236 237
  /*224-239*/  238 154 155 156 157 158 159 160 161 162 163 164 165 166 167 168
  /*240-255*/  169 170 171 172 173 174 175 176 177 239 240 241 242 243 244 245
ENDTABLE
ENDCOLLATION


#---------------------------------------------------------------------------
# This table contains the attributes for code page 708 ASMO-708
CODEPAGE
CODEPAGE-NAME "708"
TYPE "1"
ISALPHA
  /*000-015*/  000 000 000 000 000 000 000 000 000 000 000 000 000 000 000 000
  /*016-031*/  000 000 000 000 000 000 000 000 000 000 000 000 000 000 000 000
  /*032-047*/  000 000 000 000 000 000 000 000 000 000 000 000 000 000 000 000
  /*048-063*/  000 000 000 000 000 000 000 000 000 000 000 000 000 000 000 000
  /*064-079*/  000 001 001 001 001 001 001 001 001 001 001 001 001 001 001 001
  /*080-095*/  001 001 001 001 001 001 001 001 001 001 001 000 000 000 000 000
  /*096-111*/  000 001 001 001 001 001 001 001 001 001 001 001 001 001 001 001
  /*112-127*/  001 001 001 001 001 001 001 001 001 001 001 000 000 000 000 000
  /*128-143*/  000 000 000 000 000 000 000 000 000 000 000 000 000 000 000 000
  /*144-159*/  000 000 000 000 000 000 000 000 000 000 000 000 000 000 000 000
  /*160-175*/  000 000 000 000 000 000 000 000 000 000 000 000 000 000 000 000
  /*176-191*/  000 000 000 000 000 000 000 000 000 000 000 000 000 000 000 000
  /*192-207*/  000 001 001 001 001 001 001 001 001 001 001 001 001 001 001 001
  /*208-223*/  001 001 001 001 001 001 001 001 001 001 001 000 000 000 000 000
  /*224-239*/  000 001 001 001 001 001 001 001 001 001 001 001 001 001 001 001
  /*240-255*/  001 001 001 001 001 001 001 001 001 000 000 000 000 000 000 000
ENDTABLE
ENDCODEPAGE


#---------------------------------------------------------------------------
# This contains the data needed to convert from
# codepage 1256 (Arabic) to ASMO-708 codepage 708
CONVERT
SOURCE-NAME "1256"
TARGET-NAME "708"
TYPE "1"
  /*000-015*/  000 001 163 003 004 005 006 020 008 009 010 011 012 013 014 015
  /*016-031*/  016 017 018 019 128 161 022 023 024 025 026 027 028 029 030 031
  /*032-047*/  032 033 034 035 036 037 038 039 040 041 042 043 044 045 046 047
  /*048-063*/  048 049 050 051 052 053 054 055 056 057 058 059 060 061 062 063
  /*064-079*/  064 065 066 067 068 069 070 071 072 073 074 075 076 077 078 079
  /*080-095*/  080 081 082 083 084 085 086 087 088 089 090 091 092 093 094 095
  /*096-111*/  096 097 098 099 100 101 102 103 104 105 106 107 108 109 110 111
  /*112-127*/  112 113 114 115 116 117 118 119 120 121 122 123 124 125 126 127
  /*128-143*/  171 173 181 183 132 186 219 249 221 222 223 243 244 141 142 143
  /*144-159*/  144 145 146 245 148 002 165 246 152 153 154 155 156 157 158 159
  /*160-175*/  160 172 162 253 164 248 166 021 168 169 170 174 250 224 251 254
  /*176-191*/  176 177 178 179 180 252 182 007 184 185 187 175 188 189 190 191
  /*192-207*/  192 193 194 195 196 197 198 199 200 201 202 203 204 205 206 207
  /*208-223*/  208 209 210 211 212 213 214 255 215 216 217 218 220 225 226 227
  /*224-239*/  133 228 131 229 230 231 232 135 138 130 136 137 233 234 140 139
  /*240-255*/  235 236 237 238 147 239 240 247 241 151 242 150 149 167 129 134
ENDTABLE
ENDCONVERT


#---------------------------------------------------------------------------
# Case tables for code page 721 NAFITHA Inernational and case table basic
CASE
CODEPAGE-NAME 721
CASETABLE-NAME BASIC
TYPE 1
UPPERCASE-MAP
  /*000-015*/  000 001 002 003 004 005 006 007 008 009 010 011 012 013 014 015
  /*016-031*/  016 017 018 019 020 021 022 023 024 025 026 027 028 029 030 031
  /*032-047*/  032 033 034 035 036 037 038 039 040 041 042 043 044 045 046 047
  /*048-063*/  048 049 050 051 052 053 054 055 056 057 058 059 060 061 062 063
  /*064-079*/  064 065 066 067 068 069 070 071 072 073 074 075 076 077 078 079
  /*080-095*/  080 081 082 083 084 085 086 087 088 089 090 091 092 093 094 095
  /*096-111*/  096 065 066 067 068 069 070 071 072 073 074 075 076 077 078 079
  /*112-127*/  080 081 082 083 084 085 086 087 088 089 090 123 124 125 126 127
  /*128-143*/  128 129 130 131 132 133 134 135 136 137 138 139 140 141 142 143
  /*144-159*/  144 145 146 147 148 149 150 151 152 153 154 155 156 157 158 159
  /*160-175*/  160 161 162 163 164 165 166 167 168 169 170 171 172 173 174 175
  /*176-191*/  176 177 178 179 180 181 182 183 184 185 186 187 188 189 190 191
  /*192-207*/  192 193 194 195 196 197 198 199 200 201 202 203 204 205 206 207
  /*208-223*/  208 209 210 211 212 213 214 215 216 217 218 219 220 221 222 223
  /*224-239*/  224 225 226 227 228 229 230 231 232 233 234 235 236 237 238 239
  /*240-255*/  240 241 242 243 244 245 246 247 248 249 250 251 252 253 254 255
ENDTABLE
LOWERCASE-MAP
  /*000-015*/  000 001 002 003 004 005 006 007 008 009 010 011 012 013 014 015
  /*016-031*/  016 017 018 019 020 021 022 023 024 025 026 027 028 029 030 031
  /*032-047*/  032 033 034 035 036 037 038 039 040 041 042 043 044 045 046 047
  /*048-063*/  048 049 050 051 052 053 054 055 056 057 058 059 060 061 062 063
  /*064-079*/  064 097 098 099 100 101 102 103 104 105 106 107 108 109 110 111
  /*080-095*/  112 113 114 115 116 117 118 119 120 121 122 091 092 093 094 095
  /*096-111*/  096 097 098 099 100 101 102 103 104 105 106 107 108 109 110 111
  /*112-127*/  112 113 114 115 116 117 118 119 120 121 122 123 124 125 126 127
  /*128-143*/  128 129 130 131 132 133 134 135 136 137 138 139 140 141 142 143
  /*144-159*/  144 145 146 147 148 149 150 151 152 153 154 155 156 157 158 159
  /*160-175*/  160 161 162 163 164 165 166 167 168 169 170 171 172 173 174 175
  /*176-191*/  176 177 178 179 180 181 182 183 184 185 186 187 188 189 190 191
  /*192-207*/  192 193 194 195 196 197 198 199 200 201 202 203 204 205 206 207
  /*208-223*/  208 209 210 211 212 213 214 215 216 217 218 219 220 221 222 223
  /*224-239*/  224 225 226 227 228 229 230 231 232 233 234 235 236 237 238 239
  /*240-255*/  240 241 242 243 244 245 246 247 248 249 250 251 252 253 254 255
ENDTABLE
ENDCASE


#---------------------------------------------------------------------------
# Collation tables for code page 721 NAFITHA Inernational and collation Basic
COLLATION
CODEPAGE-NAME 721
COLLATION-NAME BASIC
COLLATION-TRANSLATION-VERSION 1.0-16
CASE-INSENSITIVE-SORT
  /*000-015*/  000 001 002 003 004 005 006 007 008 009 010 011 012 013 014 015
  /*016-031*/  016 017 018 019 020 021 022 023 024 025 026 027 028 029 030 031
  /*032-047*/  032 033 034 035 036 037 038 039 040 041 042 043 044 045 046 047
  /*048-063*/  048 049 050 051 052 053 054 055 056 057 058 059 060 061 062 063
  /*064-079*/  064 065 067 069 071 073 075 077 079 081 083 085 087 089 091 093
  /*080-095*/  095 097 099 101 103 105 107 109 111 113 115 161 162 163 164 165
  /*096-111*/  166 065 067 069 071 073 075 077 079 081 083 085 087 089 091 093
  /*112-127*/  095 097 099 101 103 105 107 109 111 113 115 167 168 169 170 171
  /*128-143*/  164 165 166 167 168 169 170 171 172 173 174 175 176 177 178 179
  /*144-159*/  180 181 182 183 184 185 186 187 188 189 190 191 192 193 194 195
  /*160-175*/  196 197 198 199 200 128 129 130 131 132 133 134 135 136 201 202
  /*176-191*/  203 204 205 206 207 208 209 210 211 212 213 214 215 216 217 218
  /*192-207*/  219 220 221 222 223 224 225 226 227 228 229 230 231 232 233 234
  /*208-223*/  235 236 237 238 239 240 241 242 243 244 245 246 247 248 249 250
  /*224-239*/  137 138 139 140 141 142 143 144 145 146 147 148 149 150 151 152
  /*240-255*/  153 251 154 155 156 157 158 252 159 160 253 161 162 163 254 255
ENDTABLE
CASE-SENSITIVE-SORT
  /*000-015*/  000 001 002 003 004 005 006 007 008 009 010 011 012 013 014 015
  /*016-031*/  016 017 018 019 020 021 022 023 024 025 026 027 028 029 030 031
  /*032-047*/  032 033 034 035 036 037 038 039 040 041 042 043 044 045 046 047
  /*048-063*/  048 049 050 051 052 053 054 055 056 057 058 059 060 061 062 063
  /*064-079*/  064 065 067 069 071 073 075 077 079 081 083 085 087 089 091 093
  /*080-095*/  095 097 099 101 103 105 107 109 111 113 115 161 162 163 164 165
  /*096-111*/  166 065 067 069 071 073 075 077 079 081 083 085 087 089 091 093
  /*112-127*/  095 097 099 101 103 105 107 109 111 113 115 167 168 169 170 171
  /*128-143*/  164 165 166 167 168 169 170 171 172 173 174 175 176 177 178 179
  /*144-159*/  180 181 182 183 184 185 186 187 188 189 190 191 192 193 194 195
  /*160-175*/  196 197 198 199 200 128 129 130 131 132 133 134 135 136 201 202
  /*176-191*/  203 204 205 206 207 208 209 210 211 212 213 214 215 216 217 218
  /*192-207*/  219 220 221 222 223 224 225 226 227 228 229 230 231 232 233 234
  /*208-223*/  235 236 237 238 239 240 241 242 243 244 245 246 247 248 249 250
  /*224-239*/  137 138 139 140 141 142 143 144 145 146 147 148 149 150 151 152
  /*240-255*/  153 251 154 155 156 157 158 252 159 160 253 161 162 163 254 255
ENDTABLE
ENDCOLLATION


#---------------------------------------------------------------------------
# This table contains the attributes for code page 721 NAFITHA Inernational
CODEPAGE
CODEPAGE-NAME "721"
TYPE "1"
ISALPHA
  /*000-015*/  000 000 000 000 000 000 000 000 000 000 000 000 000 000 000 000
  /*016-031*/  000 000 000 000 000 000 000 000 000 000 000 000 000 000 000 000
  /*032-047*/  000 000 000 000 000 000 000 000 000 000 000 000 000 000 000 000
  /*048-063*/  000 000 000 000 000 000 000 000 000 000 000 000 000 000 000 000
  /*064-079*/  000 001 001 001 001 001 001 001 001 001 001 001 001 001 001 001
  /*080-095*/  001 001 001 001 001 001 001 001 001 001 001 000 000 000 000 000
  /*096-111*/  000 001 001 001 001 001 001 001 001 001 001 001 001 001 001 001
  /*112-127*/  001 001 001 001 001 001 001 001 001 001 001 000 000 000 000 000
  /*128-143*/  000 000 000 000 000 000 000 000 000 000 000 000 000 000 000 000
  /*144-159*/  000 000 000 000 000 001 000 000 001 001 001 001 001 001 001 001
  /*160-175*/  001 001 001 001 001 001 001 001 001 001 001 001 001 001 000 000
  /*176-191*/  000 000 000 000 000 000 000 000 000 000 000 000 000 000 000 000
  /*192-207*/  000 000 000 000 000 000 000 000 000 000 000 000 000 000 000 000
  /*208-223*/  000 000 000 000 000 000 000 000 000 000 000 000 000 000 000 000
  /*224-239*/  001 001 001 001 001 001 001 001 001 001 001 001 001 001 001 001
  /*240-255*/  001 000 001 001 001 001 001 000 001 001 000 001 001 001 000 000
ENDTABLE
ENDCODEPAGE


#---------------------------------------------------------------------------
# This contains the data needed to convert from
# codepage 1256 (Arabic) to NAFITHA International codepage 721
CONVERT
SOURCE-NAME "1256"
TARGET-NAME "721"
TYPE "1"
  /*000-015*/  000 001 134 003 004 005 006 164 008 009 010 011 012 013 014 015
  /*016-031*/  016 017 018 019 181 182 022 023 024 025 026 027 028 029 030 031
  /*032-047*/  032 033 034 035 036 037 038 039 040 041 042 043 044 045 046 047
  /*048-063*/  048 049 050 051 052 053 054 055 056 057 058 059 060 061 062 063
  /*064-079*/  064 065 066 067 068 069 070 071 072 073 074 075 076 077 078 079
  /*080-095*/  080 081 082 083 084 085 086 087 088 089 090 091 092 093 094 095
  /*096-111*/  096 097 098 099 100 101 102 103 104 105 106 107 108 109 110 111
  /*112-127*/  112 113 114 115 116 117 118 119 120 121 122 123 124 125 126 127
  /*128-143*/  128 129 183 187 132 193 223 216 194 195 197 198 199 141 142 143
  /*144-159*/  144 145 146 200 201 002 196 202 203 204 154 205 156 179 158 206
  /*160-175*/  160 207 162 208 148 209 210 021 211 212 213 174 214 217 218 219
  /*176-191*/  176 177 178 220 180 250 020 007 184 185 186 175 188 189 190 191
  /*192-207*/  192 165 166 167 168 169 170 171 172 173 224 225 226 227 228 229
  /*208-223*/  230 231 232 233 234 235 236 215 237 238 239 240 241 242 243 244
  /*224-239*/  133 245 131 246 248 249 251 135 138 130 136 137 252 253 140 139
  /*240-255*/  155 159 163 153 147 157 161 247 152 151 149 150 221 222 254 255
ENDTABLE
ENDCONVERT


#---------------------------------------------------------------------------
# Case tables for code page 711 NAFITHA Enhanced and case table basic
CASE
CODEPAGE-NAME 711
CASETABLE-NAME BASIC
TYPE 1
UPPERCASE-MAP
  /*000-015*/  000 001 002 003 004 005 006 007 008 009 010 011 012 013 014 015
  /*016-031*/  016 017 018 019 020 021 022 023 024 025 026 027 028 029 030 031
  /*032-047*/  032 033 034 035 036 037 038 039 040 041 042 043 044 045 046 047
  /*048-063*/  048 049 050 051 052 053 054 055 056 057 058 059 060 061 062 063
  /*064-079*/  064 065 066 067 068 069 070 071 072 073 074 075 076 077 078 079
  /*080-095*/  080 081 082 083 084 085 086 087 088 089 090 091 092 093 094 095
  /*096-111*/  096 065 066 067 068 069 070 071 072 073 074 075 076 077 078 079
  /*112-127*/  080 081 082 083 084 085 086 087 088 089 090 123 124 125 126 127
  /*128-143*/  128 129 130 131 132 133 134 135 136 137 138 139 140 141 142 143
  /*144-159*/  144 145 146 147 148 149 150 151 152 153 154 155 156 157 158 159
  /*160-175*/  160 161 162 163 164 165 166 167 168 169 170 171 172 173 174 175
  /*176-191*/  176 177 178 179 180 181 182 183 184 185 186 187 188 189 190 191
  /*192-207*/  192 193 194 195 196 197 198 199 200 201 202 203 204 205 206 207
  /*208-223*/  208 209 210 211 212 213 214 215 216 217 218 219 220 221 222 223
  /*224-239*/  224 225 226 227 228 229 230 231 232 233 234 235 236 237 238 239
  /*240-255*/  240 241 242 243 244 245 246 247 248 249 250 251 252 253 254 255
ENDTABLE
LOWERCASE-MAP
  /*000-015*/  000 001 002 003 004 005 006 007 008 009 010 011 012 013 014 015
  /*016-031*/  016 017 018 019 020 021 022 023 024 025 026 027 028 029 030 031
  /*032-047*/  032 033 034 035 036 037 038 039 040 041 042 043 044 045 046 047
  /*048-063*/  048 049 050 051 052 053 054 055 056 057 058 059 060 061 062 063
  /*064-079*/  064 097 098 099 100 101 102 103 104 105 106 107 108 109 110 111
  /*080-095*/  112 113 114 115 116 117 118 119 120 121 122 091 092 093 094 095
  /*096-111*/  096 097 098 099 100 101 102 103 104 105 106 107 108 109 110 111
  /*112-127*/  112 113 114 115 116 117 118 119 120 121 122 123 124 125 126 127
  /*128-143*/  128 129 130 131 132 133 134 135 136 137 138 139 140 141 142 143
  /*144-159*/  144 145 146 147 148 149 150 151 152 153 154 155 156 157 158 159
  /*160-175*/  160 161 162 163 164 165 166 167 168 169 170 171 172 173 174 175
  /*176-191*/  176 177 178 179 180 181 182 183 184 185 186 187 188 189 190 191
  /*192-207*/  192 193 194 195 196 197 198 199 200 201 202 203 204 205 206 207
  /*208-223*/  208 209 210 211 212 213 214 215 216 217 218 219 220 221 222 223
  /*224-239*/  224 225 226 227 228 229 230 231 232 233 234 235 236 237 238 239
  /*240-255*/  240 241 242 243 244 245 246 247 248 249 250 251 252 253 254 255
ENDTABLE
ENDCASE


#---------------------------------------------------------------------------
# Collation tables for code page 711 NAFITHA Enhanced and collation Basic
COLLATION
CODEPAGE-NAME 711
COLLATION-NAME BASIC
COLLATION-TRANSLATION-VERSION 1.0-16
CASE-INSENSITIVE-SORT
  /*000-015*/  000 001 002 003 004 005 006 007 008 009 010 011 012 013 014 015
  /*016-031*/  016 017 018 019 020 021 022 023 024 025 026 027 028 029 030 031
  /*032-047*/  032 033 034 035 036 037 038 039 040 041 042 043 044 045 046 047
  /*048-063*/  048 049 050 051 052 053 054 055 056 057 058 059 060 061 062 063
  /*064-079*/  064 065 067 069 071 073 075 077 079 081 083 085 087 089 091 093
  /*080-095*/  095 097 099 101 103 105 107 109 111 113 115 161 162 163 164 165
  /*096-111*/  166 065 067 069 071 073 075 077 079 081 083 085 087 089 091 093
  /*112-127*/  095 097 099 101 103 105 107 109 111 113 115 167 168 169 170 171
  /*128-143*/  164 165 166 167 168 169 170 171 172 173 174 175 176 177 178 179
  /*144-159*/  180 181 182 183 184 185 186 187 188 189 190 191 192 193 194 195
  /*160-175*/  196 197 198 199 200 128 129 130 131 132 133 134 135 136 201 202
  /*176-191*/  203 204 205 206 207 208 209 210 211 212 213 214 215 216 217 218
  /*192-207*/  219 220 221 222 223 224 225 226 227 228 229 230 231 232 233 234
  /*208-223*/  235 236 237 238 239 240 241 242 243 244 245 246 247 248 249 250
  /*224-239*/  137 138 139 140 141 142 143 144 145 146 147 148 149 150 151 152
  /*240-255*/  153 251 154 155 156 157 158 252 159 160 253 161 162 163 254 255
ENDTABLE
CASE-SENSITIVE-SORT
  /*000-015*/  000 001 002 003 004 005 006 007 008 009 010 011 012 013 014 015
  /*016-031*/  016 017 018 019 020 021 022 023 024 025 026 027 028 029 030 031
  /*032-047*/  032 033 034 035 036 037 038 039 040 041 042 043 044 045 046 047
  /*048-063*/  048 049 050 051 052 053 054 055 056 057 058 059 060 061 062 063
  /*064-079*/  064 065 067 069 071 073 075 077 079 081 083 085 087 089 091 093
  /*080-095*/  095 097 099 101 103 105 107 109 111 113 115 161 162 163 164 165
  /*096-111*/  166 065 067 069 071 073 075 077 079 081 083 085 087 089 091 093
  /*112-127*/  095 097 099 101 103 105 107 109 111 113 115 167 168 169 170 171
  /*128-143*/  164 165 166 167 168 169 170 171 172 173 174 175 176 177 178 179
  /*144-159*/  180 181 182 183 184 185 186 187 188 189 190 191 192 193 194 195
  /*160-175*/  196 197 198 199 200 128 129 130 131 132 133 134 135 136 201 202
  /*176-191*/  203 204 205 206 207 208 209 210 211 212 213 214 215 216 217 218
  /*192-207*/  219 220 221 222 223 224 225 226 227 228 229 230 231 232 233 234
  /*208-223*/  235 236 237 238 239 240 241 242 243 244 245 246 247 248 249 250
  /*224-239*/  137 138 139 140 141 142 143 144 145 146 147 148 149 150 151 152
  /*240-255*/  153 251 154 155 156 157 158 252 159 160 253 161 162 163 254 255
ENDTABLE
ENDCOLLATION


#---------------------------------------------------------------------------
# This table contains the attributes for code page 711 NAFITHA Enhanced
CODEPAGE
CODEPAGE-NAME "711"
TYPE "1"
ISALPHA
  /*000-015*/  000 000 000 000 000 000 000 000 000 000 000 000 000 000 000 000
  /*016-031*/  000 000 000 000 000 000 000 000 000 000 000 000 000 000 000 000
  /*032-047*/  000 000 000 000 000 000 000 000 000 000 000 000 000 000 000 000
  /*048-063*/  000 000 000 000 000 000 000 000 000 000 000 000 000 000 000 000
  /*064-079*/  000 001 001 001 001 001 001 001 001 001 001 001 001 001 001 001
  /*080-095*/  001 001 001 001 001 001 001 001 001 001 001 000 000 000 000 000
  /*096-111*/  000 001 001 001 001 001 001 001 001 001 001 001 001 001 001 001
  /*112-127*/  001 001 001 001 001 001 001 001 001 001 001 000 000 000 000 000
  /*128-143*/  000 000 000 000 000 000 000 000 000 000 000 000 000 000 000 000
  /*144-159*/  000 000 000 000 000 000 000 001 001 001 001 001 001 001 001 001
  /*160-175*/  001 001 001 001 001 001 001 001 001 001 001 001 001 001 000 000
  /*176-191*/  000 000 000 000 000 000 000 000 000 000 000 000 000 000 000 000
  /*192-207*/  000 000 000 000 000 000 000 000 000 000 000 000 000 000 000 000
  /*208-223*/  000 000 000 000 000 000 000 000 000 000 000 000 000 000 000 000
  /*224-239*/  001 001 001 001 001 001 001 001 001 001 001 001 001 001 001 001
  /*240-255*/  001 000 001 001 001 001 001 000 001 001 000 001 001 001 000 000
ENDTABLE
ENDCODEPAGE


#---------------------------------------------------------------------------
# This contains the data needed to convert from
# codepage 1256 (Arabic) to NAFITHA Enhanced codepage 711
CONVERT
SOURCE-NAME "1256"
TARGET-NAME "711"
TYPE "1"
  /*000-015*/  000 001 135 003 004 005 006 149 008 009 010 011 012 013 014 015
  /*016-031*/  016 017 018 019 150 178 182 023 024 025 026 027 028 029 030 031
  /*032-047*/  032 033 034 035 036 037 038 039 040 041 042 043 044 045 046 047
  /*048-063*/  048 049 050 051 052 053 054 055 056 057 058 059 060 061 062 063
  /*064-079*/  064 065 066 067 068 069 070 071 072 073 074 075 076 077 078 079
  /*080-095*/  080 081 082 083 084 085 086 087 088 089 090 091 092 093 094 095
  /*096-111*/  096 097 098 099 100 101 102 103 104 105 106 107 108 109 110 111
  /*112-127*/  112 113 114 115 116 117 118 119 120 121 122 123 124 125 126 127
  /*128-143*/  128 129 130 131 132 133 134 216 136 137 138 139 140 141 142 143
  /*144-159*/  144 145 146 147 148 002 196 183 187 193 154 194 156 179 158 195
  /*160-175*/  160 197 162 198 164 199 200 021 201 202 203 174 204 022 205 206
  /*176-191*/  176 177 250 207 180 181 020 007 184 185 186 175 188 189 190 191
  /*192-207*/  192 165 166 167 168 169 170 171 172 173 224 225 226 227 228 229
  /*208-223*/  230 231 232 233 234 235 236 215 237 238 239 240 241 242 243 244
  /*224-239*/  208 245 209 246 248 249 251 210 211 212 213 214 252 253 217 218
  /*240-255*/  155 159 163 153 219 157 161 220 152 221 151 222 223 247 254 255
ENDTABLE
ENDCONVERT


#---------------------------------------------------------------------------
# Case tables for code page 786 Mussa'ed Alarabi/2 and case table basic
CASE
CODEPAGE-NAME 786
CASETABLE-NAME BASIC
TYPE 1
UPPERCASE-MAP
  /*000-015*/  000 001 002 003 004 005 006 007 008 009 010 011 012 013 014 015
  /*016-031*/  016 017 018 019 020 021 022 023 024 025 026 027 028 029 030 031
  /*032-047*/  032 033 034 035 036 037 038 039 040 041 042 043 044 045 046 047
  /*048-063*/  048 049 050 051 052 053 054 055 056 057 058 059 060 061 062 063
  /*064-079*/  064 065 066 067 068 069 070 071 072 073 074 075 076 077 078 079
  /*080-095*/  080 081 082 083 084 085 086 087 088 089 090 091 092 093 094 095
  /*096-111*/  096 065 066 067 068 069 070 071 072 073 074 075 076 077 078 079
  /*112-127*/  080 081 082 083 084 085 086 087 088 089 090 123 124 125 126 127
  /*128-143*/  128 129 130 131 132 133 134 135 136 137 138 139 140 141 142 143
  /*144-159*/  144 145 146 147 148 149 150 151 152 153 154 155 156 157 158 159
  /*160-175*/  160 161 162 163 164 165 166 167 168 169 170 171 172 173 174 175
  /*176-191*/  176 177 178 179 180 181 182 183 184 185 186 187 188 189 190 191
  /*192-207*/  192 193 194 195 196 197 198 199 200 201 202 203 204 205 206 207
  /*208-223*/  208 209 210 211 212 213 214 215 216 217 218 219 220 221 222 223
  /*224-239*/  224 225 226 227 228 229 230 231 232 233 234 235 236 237 238 239
  /*240-255*/  240 241 242 243 244 245 246 247 248 249 250 251 252 253 254 255
ENDTABLE
LOWERCASE-MAP
  /*000-015*/  000 001 002 003 004 005 006 007 008 009 010 011 012 013 014 015
  /*016-031*/  016 017 018 019 020 021 022 023 024 025 026 027 028 029 030 031
  /*032-047*/  032 033 034 035 036 037 038 039 040 041 042 043 044 045 046 047
  /*048-063*/  048 049 050 051 052 053 054 055 056 057 058 059 060 061 062 063
  /*064-079*/  064 097 098 099 100 101 102 103 104 105 106 107 108 109 110 111
  /*080-095*/  112 113 114 115 116 117 118 119 120 121 122 091 092 093 094 095
  /*096-111*/  096 097 098 099 100 101 102 103 104 105 106 107 108 109 110 111
  /*112-127*/  112 113 114 115 116 117 118 119 120 121 122 123 124 125 126 127
  /*128-143*/  128 129 130 131 132 133 134 135 136 137 138 139 140 141 142 143
  /*144-159*/  144 145 146 147 148 149 150 151 152 153 154 155 156 157 158 159
  /*160-175*/  160 161 162 163 164 165 166 167 168 169 170 171 172 173 174 175
  /*176-191*/  176 177 178 179 180 181 182 183 184 185 186 187 188 189 190 191
  /*192-207*/  192 193 194 195 196 197 198 199 200 201 202 203 204 205 206 207
  /*208-223*/  208 209 210 211 212 213 214 215 216 217 218 219 220 221 222 223
  /*224-239*/  224 225 226 227 228 229 230 231 232 233 234 235 236 237 238 239
  /*240-255*/  240 241 242 243 244 245 246 247 248 249 250 251 252 253 254 255
ENDTABLE
ENDCASE


#---------------------------------------------------------------------------
# Collation tables for codepage 786 Mussa'ed Alarabi/2 and collation Basic
COLLATION
CODEPAGE-NAME 786
COLLATION-NAME BASIC
COLLATION-TRANSLATION-VERSION 1.0-16
CASE-INSENSITIVE-SORT
  /*000-015*/  000 001 002 003 004 005 006 007 008 009 010 011 012 013 014 015
  /*016-031*/  016 017 018 019 020 021 022 023 024 025 026 027 028 029 030 031
  /*032-047*/  032 033 034 035 036 037 038 039 040 041 042 043 044 045 046 047
  /*048-063*/  048 049 050 051 052 053 054 055 056 057 058 059 060 061 062 063
  /*064-079*/  064 065 067 069 071 073 075 077 079 081 083 085 087 089 091 093
  /*080-095*/  095 097 099 101 103 105 107 109 111 113 115 161 162 163 164 165
  /*096-111*/  166 065 067 069 071 073 075 077 079 081 083 085 087 089 091 093
  /*112-127*/  095 097 099 101 103 105 107 109 111 113 115 167 168 169 170 171
  /*128-143*/  128 129 130 131 132 133 134 135 136 137 164 138 139 165 140 141
  /*144-159*/  142 143 144 145 146 147 148 149 150 151 152 153 154 155 156 157
  /*160-175*/  158 159 160 161 162 163 166 167 168 169 170 171 172 173 174 175
  /*176-191*/  176 177 178 179 180 181 182 183 184 185 186 187 188 189 190 191
  /*192-207*/  192 193 194 195 196 197 198 199 200 201 202 203 204 205 206 207
  /*208-223*/  208 209 210 211 212 213 214 215 216 217 218 219 220 221 222 223
  /*224-239*/  224 225 226 227 228 229 230 231 232 233 234 235 236 237 238 239
  /*240-255*/  240 241 242 243 244 245 246 247 248 249 250 251 252 253 254 255
ENDTABLE
CASE-SENSITIVE-SORT
  /*000-015*/  000 001 002 003 004 005 006 007 008 009 010 011 012 013 014 015
  /*016-031*/  016 017 018 019 020 021 022 023 024 025 026 027 028 029 030 031
  /*032-047*/  032 033 034 035 036 037 038 039 040 041 042 043 044 045 046 047
  /*048-063*/  048 049 050 051 052 053 054 055 056 057 058 059 060 061 062 063
  /*064-079*/  064 065 067 069 071 073 075 077 079 081 083 085 087 089 091 093
  /*080-095*/  095 097 099 101 103 105 107 109 111 113 115 161 162 163 164 165
  /*096-111*/  166 065 067 069 071 073 075 077 079 081 083 085 087 089 091 093
  /*112-127*/  095 097 099 101 103 105 107 109 111 113 115 167 168 169 170 171
  /*128-143*/  128 129 130 131 132 133 134 135 136 137 164 138 139 165 140 141
  /*144-159*/  142 143 144 145 146 147 148 149 150 151 152 153 154 155 156 157
  /*160-175*/  158 159 160 161 162 163 166 167 168 169 170 171 172 173 174 175
  /*176-191*/  176 177 178 179 180 181 182 183 184 185 186 187 188 189 190 191
  /*192-207*/  192 193 194 195 196 197 198 199 200 201 202 203 204 205 206 207
  /*208-223*/  208 209 210 211 212 213 214 215 216 217 218 219 220 221 222 223
  /*224-239*/  224 225 226 227 228 229 230 231 232 233 234 235 236 237 238 239
  /*240-255*/  240 241 242 243 244 245 246 247 248 249 250 251 252 253 254 255
ENDTABLE
ENDCOLLATION


#---------------------------------------------------------------------------
# This table contains the attributes for code page 786 Mussa'ed Alarabi/2
CODEPAGE
CODEPAGE-NAME "786"
TYPE "1"
ISALPHA
  /*000-015*/  000 000 000 000 000 000 000 000 000 000 000 000 000 000 000 000
  /*016-031*/  000 000 000 000 000 000 000 000 000 000 000 000 000 000 000 000
  /*032-047*/  000 000 000 000 000 000 000 000 000 000 000 000 000 000 000 000
  /*048-063*/  000 000 000 000 000 000 000 000 000 000 000 000 000 000 000 000
  /*064-079*/  000 001 001 001 001 001 001 001 001 001 001 001 001 001 001 001
  /*080-095*/  001 001 001 001 001 001 001 001 001 001 001 000 000 000 000 000
  /*096-111*/  000 001 001 001 001 001 001 001 001 001 001 001 001 001 001 001
  /*112-127*/  001 001 001 001 001 001 001 001 001 001 001 000 000 000 000 000
  /*128-143*/  001 001 001 001 001 001 001 001 001 001 000 001 001 000 001 001
  /*144-159*/  001 001 001 001 001 001 001 001 001 001 001 001 001 001 001 001
  /*160-175*/  001 001 001 001 001 001 000 000 000 000 000 000 000 000 000 000
  /*176-191*/  000 000 000 000 000 000 000 000 000 000 000 000 000 000 000 000
  /*192-207*/  000 000 000 000 000 000 000 000 000 000 000 000 000 000 000 000
  /*208-223*/  000 000 000 000 000 000 000 000 000 000 000 000 000 000 000 000
  /*224-239*/  000 000 000 000 000 000 000 000 000 000 000 000 000 000 000 000
  /*240-255*/  000 000 000 000 000 000 000 000 000 000 000 000 000 000 000 000
ENDTABLE
ENDCODEPAGE


#---------------------------------------------------------------------------
# This contains the data needed to convert from
# codepage 1256 (Arabic) to codepage 786 Mussa'ed Alarabi/2
CONVERT
SOURCE-NAME "1256"
TARGET-NAME "786"
TYPE "1"
  /*000-015*/  000 001 171 003 004 005 006 173 008 009 010 011 012 013 014 015
  /*016-031*/  016 017 018 019 182 186 022 023 024 025 026 027 028 029 030 031
  /*032-047*/  032 033 034 035 036 037 038 039 040 041 042 043 044 045 046 047
  /*048-063*/  048 049 050 051 052 053 054 055 056 057 058 059 060 061 062 063
  /*064-079*/  064 065 066 067 068 069 070 071 072 073 074 075 076 077 078 079
  /*080-095*/  080 081 082 083 084 085 086 087 088 089 090 091 092 093 094 095
  /*096-111*/  096 097 098 099 100 101 102 103 104 105 106 107 108 109 110 111
  /*112-127*/  112 113 114 115 116 117 118 119 120 121 122 123 124 125 126 127
  /*128-143*/  187 191 193 194 195 197 198 216 199 200 138 201 202 141 203 204
  /*144-159*/  205 206 207 208 209 002 196 210 211 212 213 214 217 179 218 219
  /*160-175*/  221 167 222 223 225 227 228 021 229 230 170 174 172 166 236 237
  /*176-191*/  176 177 178 183 180 181 020 007 184 185 168 175 188 189 190 169
  /*192-207*/  192 128 129 130 131 132 133 134 135 136 137 139 140 142 143 144
  /*208-223*/  145 146 147 148 149 150 151 215 152 153 154 155 220 156 157 158
  /*224-239*/  224 159 226 160 161 162 163 231 232 233 234 235 164 165 238 239
  /*240-255*/  240 241 242 243 244 245 246 247 248 249 250 251 252 253 254 255
ENDTABLE
ENDCONVERT


#---------------------------------------------------------------------------
# Case tables for code page 714 Sakhr and case table basic
CASE
CODEPAGE-NAME 714
CASETABLE-NAME BASIC
TYPE 1
UPPERCASE-MAP
  /*000-015*/  000 001 002 003 004 005 006 007 008 009 010 011 012 013 014 015
  /*016-031*/  016 017 018 019 020 021 022 023 024 025 026 027 028 029 030 031
  /*032-047*/  032 033 034 035 036 037 038 039 040 041 042 043 044 045 046 047
  /*048-063*/  048 049 050 051 052 053 054 055 056 057 058 059 060 061 062 063
  /*064-079*/  064 065 066 067 068 069 070 071 072 073 074 075 076 077 078 079
  /*080-095*/  080 081 082 083 084 085 086 087 088 089 090 091 092 093 094 095
  /*096-111*/  096 065 066 067 068 069 070 071 072 073 074 075 076 077 078 079
  /*112-127*/  080 081 082 083 084 085 086 087 088 089 090 123 124 125 126 127
  /*128-143*/  128 129 130 131 132 133 134 135 136 137 138 139 140 141 142 143
  /*144-159*/  144 145 146 147 148 149 150 151 152 153 154 155 156 157 158 159
  /*160-175*/  160 161 162 163 164 165 166 167 168 169 170 171 172 173 174 175
  /*176-191*/  176 177 178 179 180 181 182 183 184 185 186 187 188 189 190 191
  /*192-207*/  192 193 194 195 196 197 198 199 200 201 202 203 204 205 206 207
  /*208-223*/  208 209 210 211 212 213 214 215 216 217 218 219 220 221 222 223
  /*224-239*/  224 225 226 227 228 229 230 231 232 233 234 235 236 237 238 239
  /*240-255*/  240 241 242 243 244 245 246 247 248 249 250 251 252 253 254 255
ENDTABLE
LOWERCASE-MAP
  /*000-015*/  000 001 002 003 004 005 006 007 008 009 010 011 012 013 014 015
  /*016-031*/  016 017 018 019 020 021 022 023 024 025 026 027 028 029 030 031
  /*032-047*/  032 033 034 035 036 037 038 039 040 041 042 043 044 045 046 047
  /*048-063*/  048 049 050 051 052 053 054 055 056 057 058 059 060 061 062 063
  /*064-079*/  064 097 098 099 100 101 102 103 104 105 106 107 108 109 110 111
  /*080-095*/  112 113 114 115 116 117 118 119 120 121 122 091 092 093 094 095
  /*096-111*/  096 097 098 099 100 101 102 103 104 105 106 107 108 109 110 111
  /*112-127*/  112 113 114 115 116 117 118 119 120 121 122 123 124 125 126 127
  /*128-143*/  128 129 130 131 132 133 134 135 136 137 138 139 140 141 142 143
  /*144-159*/  144 145 146 147 148 149 150 151 152 153 154 155 156 157 158 159
  /*160-175*/  160 161 162 163 164 165 166 167 168 169 170 171 172 173 174 175
  /*176-191*/  176 177 178 179 180 181 182 183 184 185 186 187 188 189 190 191
  /*192-207*/  192 193 194 195 196 197 198 199 200 201 202 203 204 205 206 207
  /*208-223*/  208 209 210 211 212 213 214 215 216 217 218 219 220 221 222 223
  /*224-239*/  224 225 226 227 228 229 230 231 232 233 234 235 236 237 238 239
  /*240-255*/  240 241 242 243 244 245 246 247 248 249 250 251 252 253 254 255
ENDTABLE
ENDCASE


#---------------------------------------------------------------------------
# Collation tables for codepage 714 Sakhr and collation Basic
COLLATION
CODEPAGE-NAME 714
COLLATION-NAME BASIC
COLLATION-TRANSLATION-VERSION 1.0-16
CASE-INSENSITIVE-SORT
  /*000-015*/  000 001 002 003 004 005 006 007 008 009 010 011 012 013 014 015
  /*016-031*/  016 017 018 019 020 021 022 023 024 025 026 027 028 029 030 031
  /*032-047*/  032 033 034 035 036 037 038 039 040 041 042 043 044 045 046 047
  /*048-063*/  048 049 050 051 052 053 054 055 056 057 058 059 060 061 062 063
  /*064-079*/  064 065 067 069 071 073 075 077 079 081 083 085 087 089 091 093
  /*080-095*/  095 097 099 101 103 105 107 109 111 113 115 161 162 163 164 165
  /*096-111*/  166 065 067 069 071 073 075 077 079 081 083 085 087 089 091 093
  /*112-127*/  095 097 099 101 103 105 107 109 111 113 115 167 168 169 170 171
  /*128-143*/  164 165 166 167 168 169 170 171 172 173 174 175 176 177 178 179
  /*144-159*/  180 181 182 183 184 185 186 187 188 189 190 191 192 193 194 195
  /*160-175*/  196 197 198 199 200 128 129 130 131 132 133 134 135 136 201 202
  /*176-191*/  203 204 205 206 207 208 209 210 211 212 213 214 215 216 217 218
  /*192-207*/  219 220 221 222 223 224 225 226 227 228 229 230 231 232 233 234
  /*208-223*/  235 236 237 238 239 240 241 242 243 244 245 246 247 248 249 250
  /*224-239*/  137 138 139 140 141 142 143 144 145 146 147 148 149 150 151 152
  /*240-255*/  153 154 155 156 157 158 159 160 251 161 162 163 252 253 254 255
ENDTABLE
CASE-SENSITIVE-SORT
  /*000-015*/  000 001 002 003 004 005 006 007 008 009 010 011 012 013 014 015
  /*016-031*/  016 017 018 019 020 021 022 023 024 025 026 027 028 029 030 031
  /*032-047*/  032 033 034 035 036 037 038 039 040 041 042 043 044 045 046 047
  /*048-063*/  048 049 050 051 052 053 054 055 056 057 058 059 060 061 062 063
  /*064-079*/  064 065 067 069 071 073 075 077 079 081 083 085 087 089 091 093
  /*080-095*/  095 097 099 101 103 105 107 109 111 113 115 161 162 163 164 165
  /*096-111*/  166 065 067 069 071 073 075 077 079 081 083 085 087 089 091 093
  /*112-127*/  095 097 099 101 103 105 107 109 111 113 115 167 168 169 170 171
  /*128-143*/  164 165 166 167 168 169 170 171 172 173 174 175 176 177 178 179
  /*144-159*/  180 181 182 183 184 185 186 187 188 189 190 191 192 193 194 195
  /*160-175*/  196 197 198 199 200 128 129 130 131 132 133 134 135 136 201 202
  /*176-191*/  203 204 205 206 207 208 209 210 211 212 213 214 215 216 217 218
  /*192-207*/  219 220 221 222 223 224 225 226 227 228 229 230 231 232 233 234
  /*208-223*/  235 236 237 238 239 240 241 242 243 244 245 246 247 248 249 250
  /*224-239*/  137 138 139 140 141 142 143 144 145 146 147 148 149 150 151 152
  /*240-255*/  153 154 155 156 157 158 159 160 251 161 162 163 252 253 254 255
ENDTABLE
ENDCOLLATION


#---------------------------------------------------------------------------
# This table contains the attributes for code page 714 Sakhr
CODEPAGE
CODEPAGE-NAME "714"
TYPE "1"
ISALPHA
  /*000-015*/  000 000 000 000 000 000 000 000 000 000 000 000 000 000 000 000
  /*016-031*/  000 000 000 000 000 000 000 000 000 000 000 000 000 000 000 000
  /*032-047*/  000 000 000 000 000 000 000 000 000 000 000 000 000 000 000 000
  /*048-063*/  000 000 000 000 000 000 000 000 000 000 000 000 000 000 000 000
  /*064-079*/  000 001 001 001 001 001 001 001 001 001 001 001 001 001 001 001
  /*080-095*/  001 001 001 001 001 001 001 001 001 001 001 000 000 000 000 000
  /*096-111*/  000 001 001 001 001 001 001 001 001 001 001 001 001 001 001 001
  /*112-127*/  001 001 001 001 001 001 001 001 001 001 001 000 000 000 000 000
  /*128-143*/  000 000 000 000 000 000 000 000 000 000 000 000 000 000 000 000
  /*144-159*/  000 000 000 000 000 000 000 000 000 000 000 000 000 001 001 001
  /*160-175*/  001 001 001 001 001 001 001 001 001 001 001 001 001 001 000 000
  /*176-191*/  000 000 000 000 000 000 000 000 000 000 000 000 000 000 000 000
  /*192-207*/  000 000 000 000 000 000 000 000 000 000 000 000 000 000 000 000
  /*208-223*/  000 000 000 000 000 000 000 000 000 000 000 000 000 000 000 000
  /*224-239*/  001 001 001 001 001 001 001 001 001 001 001 001 001 001 001 001
  /*240-255*/  001 001 001 001 001 001 001 001 000 001 001 001 000 000 000 000
ENDTABLE
ENDCODEPAGE


#---------------------------------------------------------------------------
# This contains the data needed to convert from
# codepage 1256 (Arabic) to codepage 714 Sakhr
CONVERT
SOURCE-NAME "1256"
TARGET-NAME "714"
TYPE "1"
  /*000-015*/  000 001 149 003 004 005 006 182 008 009 010 011 012 013 014 015
  /*016-031*/  016 017 018 019 183 193 022 023 024 025 026 027 028 029 030 031
  /*032-047*/  032 033 034 035 036 037 038 039 040 041 042 043 044 045 046 047
  /*048-063*/  048 049 050 051 052 053 054 055 056 057 058 059 060 061 062 063
  /*064-079*/  064 065 066 067 068 069 070 071 072 073 074 075 076 077 078 079
  /*080-095*/  080 081 082 083 084 085 086 087 088 089 090 091 092 093 094 095
  /*096-111*/  096 097 098 099 100 101 102 103 104 105 106 107 108 109 110 111
  /*112-127*/  112 113 114 115 116 117 118 119 120 121 122 123 124 125 126 127
  /*128-143*/  128 129 194 195 132 197 134 216 198 199 200 201 202 141 142 143
  /*144-159*/  144 145 146 203 148 002 196 204 152 153 154 155 156 179 205 206
  /*160-175*/  207 208 209 210 211 212 213 021 214 217 218 219 220 221 174 175
  /*176-191*/  176 177 178 222 180 181 020 007 184 185 186 187 188 189 190 191
  /*192-207*/  192 165 166 167 168 169 170 171 172 173 224 225 226 227 228 229
  /*208-223*/  230 231 232 233 234 235 236 215 237 238 239 240 252 241 242 243
  /*224-239*/  133 244 131 245 246 247 249 135 138 130 136 137 250 251 140 139
  /*240-255*/  157 158 159 160 147 161 162 223 163 151 164 150 248 253 254 255
ENDTABLE
ENDCONVERT


#---------------------------------------------------------------------------
# Case tables for code page 710 Arabic MS-DOS and case table basic
CASE
CODEPAGE-NAME 710
CASETABLE-NAME BASIC
TYPE 1
UPPERCASE-MAP
  /*000-015*/  000 001 002 003 004 005 006 007 008 009 010 011 012 013 014 015
  /*016-031*/  016 017 018 019 020 021 022 023 024 025 026 027 028 029 030 031
  /*032-047*/  032 033 034 035 036 037 038 039 040 041 042 043 044 045 046 047
  /*048-063*/  048 049 050 051 052 053 054 055 056 057 058 059 060 061 062 063
  /*064-079*/  064 065 066 067 068 069 070 071 072 073 074 075 076 077 078 079
  /*080-095*/  080 081 082 083 084 085 086 087 088 089 090 091 092 093 094 095
  /*096-111*/  096 065 066 067 068 069 070 071 072 073 074 075 076 077 078 079
  /*112-127*/  080 081 082 083 084 085 086 087 088 089 090 123 124 125 126 127
  /*128-143*/  128 129 130 131 132 133 134 135 136 137 138 139 140 141 142 143
  /*144-159*/  144 145 146 147 148 149 150 151 152 153 154 155 156 157 158 159
  /*160-175*/  160 161 162 163 164 165 166 167 168 169 170 171 172 173 174 175
  /*176-191*/  176 177 178 179 180 181 182 183 184 185 186 187 188 189 190 191
  /*192-207*/  192 193 194 195 196 197 198 199 200 201 202 203 204 205 206 207
  /*208-223*/  208 209 210 211 212 213 214 215 216 217 218 219 220 221 222 223
  /*224-239*/  224 225 226 227 228 229 230 231 232 233 234 235 236 237 238 239
  /*240-255*/  240 241 242 243 244 245 246 247 248 249 250 251 252 253 254 255
ENDTABLE
LOWERCASE-MAP
  /*000-015*/  000 001 002 003 004 005 006 007 008 009 010 011 012 013 014 015
  /*016-031*/  016 017 018 019 020 021 022 023 024 025 026 027 028 029 030 031
  /*032-047*/  032 033 034 035 036 037 038 039 040 041 042 043 044 045 046 047
  /*048-063*/  048 049 050 051 052 053 054 055 056 057 058 059 060 061 062 063
  /*064-079*/  064 097 098 099 100 101 102 103 104 105 106 107 108 109 110 111
  /*080-095*/  112 113 114 115 116 117 118 119 120 121 122 091 092 093 094 095
  /*096-111*/  096 097 098 099 100 101 102 103 104 105 106 107 108 109 110 111
  /*112-127*/  112 113 114 115 116 117 118 119 120 121 122 123 124 125 126 127
  /*128-143*/  128 129 130 131 132 133 134 135 136 137 138 139 140 141 142 143
  /*144-159*/  144 145 146 147 148 149 150 151 152 153 154 155 156 157 158 159
  /*160-175*/  160 161 162 163 164 165 166 167 168 169 170 171 172 173 174 175
  /*176-191*/  176 177 178 179 180 181 182 183 184 185 186 187 188 189 190 191
  /*192-207*/  192 193 194 195 196 197 198 199 200 201 202 203 204 205 206 207
  /*208-223*/  208 209 210 211 212 213 214 215 216 217 218 219 220 221 222 223
  /*224-239*/  224 225 226 227 228 229 230 231 232 233 234 235 236 237 238 239
  /*240-255*/  240 241 242 243 244 245 246 247 248 249 250 251 252 253 254 255
ENDTABLE
ENDCASE


#---------------------------------------------------------------------------
# Collation tables for codepage 710 Arabic MS-DOS and collation Basic
COLLATION
CODEPAGE-NAME 710
COLLATION-NAME BASIC
COLLATION-TRANSLATION-VERSION 1.0-16
CASE-INSENSITIVE-SORT
  /*000-015*/  000 001 002 003 004 005 006 007 008 009 010 011 012 013 014 015
  /*016-031*/  016 017 018 019 020 021 022 023 024 025 026 027 028 029 030 031
  /*032-047*/  032 033 034 035 036 037 038 039 040 041 042 043 044 045 046 047
  /*048-063*/  048 049 050 051 052 053 054 055 056 057 058 059 060 061 062 063
  /*064-079*/  064 065 067 069 071 073 075 077 079 081 083 085 087 089 091 093
  /*080-095*/  095 097 099 101 103 105 107 109 111 113 115 161 162 163 164 165
  /*096-111*/  166 065 067 069 071 073 075 077 079 081 083 085 087 089 091 093
  /*112-127*/  095 097 099 101 103 105 107 109 111 113 115 167 168 169 170 171
  /*128-143*/  164 165 166 167 168 169 170 171 172 173 174 175 176 177 178 179
  /*144-159*/  180 181 182 183 184 185 186 187 188 189 190 191 192 193 194 195
  /*160-175*/  196 197 198 199 200 128 129 130 131 132 133 134 135 136 201 202
  /*176-191*/  203 204 205 206 207 208 209 210 211 212 213 214 215 216 217 218
  /*192-207*/  219 220 221 222 223 224 225 226 227 228 229 230 231 232 233 234
  /*208-223*/  235 236 237 238 239 240 241 242 243 244 245 246 247 248 249 250
  /*224-239*/  137 138 139 140 141 142 143 144 145 146 147 148 149 150 151 152
  /*240-255*/  153 154 155 156 157 158 159 160 161 162 163 251 252 253 254 255
ENDTABLE
CASE-SENSITIVE-SORT
  /*000-015*/  000 001 002 003 004 005 006 007 008 009 010 011 012 013 014 015
  /*016-031*/  016 017 018 019 020 021 022 023 024 025 026 027 028 029 030 031
  /*032-047*/  032 033 034 035 036 037 038 039 040 041 042 043 044 045 046 047
  /*048-063*/  048 049 050 051 052 053 054 055 056 057 058 059 060 061 062 063
  /*064-079*/  064 065 067 069 071 073 075 077 079 081 083 085 087 089 091 093
  /*080-095*/  095 097 099 101 103 105 107 109 111 113 115 161 162 163 164 165
  /*096-111*/  166 065 067 069 071 073 075 077 079 081 083 085 087 089 091 093
  /*112-127*/  095 097 099 101 103 105 107 109 111 113 115 167 168 169 170 171
  /*128-143*/  164 165 166 167 168 169 170 171 172 173 174 175 176 177 178 179
  /*144-159*/  180 181 182 183 184 185 186 187 188 189 190 191 192 193 194 195
  /*160-175*/  196 197 198 199 200 128 129 130 131 132 133 134 135 136 201 202
  /*176-191*/  203 204 205 206 207 208 209 210 211 212 213 214 215 216 217 218
  /*192-207*/  219 220 221 222 223 224 225 226 227 228 229 230 231 232 233 234
  /*208-223*/  235 236 237 238 239 240 241 242 243 244 245 246 247 248 249 250
  /*224-239*/  137 138 139 140 141 142 143 144 145 146 147 148 149 150 151 152
  /*240-255*/  153 154 155 156 157 158 159 160 161 162 163 251 252 253 254 255
ENDTABLE
ENDCOLLATION


#---------------------------------------------------------------------------
# This table contains the attributes for code page 710 Arabic MS-DOS
CODEPAGE
CODEPAGE-NAME "710"
TYPE "1"
ISALPHA
  /*000-015*/  000 000 000 000 000 000 000 000 000 000 000 000 000 000 000 000
  /*016-031*/  000 000 000 000 000 000 000 000 000 000 000 000 000 000 000 000
  /*032-047*/  000 000 000 000 000 000 000 000 000 000 000 000 000 000 000 000
  /*048-063*/  000 000 000 000 000 000 000 000 000 000 000 000 000 000 000 000
  /*064-079*/  000 001 001 001 001 001 001 001 001 001 001 001 001 001 001 001
  /*080-095*/  001 001 001 001 001 001 001 001 001 001 001 000 000 000 000 000
  /*096-111*/  000 001 001 001 001 001 001 001 001 001 001 001 001 001 001 001
  /*112-127*/  001 001 001 001 001 001 001 001 001 001 001 000 000 000 000 000
  /*128-143*/  001 001 000 000 001 000 001 000 000 000 000 000 000 001 001 001
  /*144-159*/  001 001 001 000 001 001 000 000 001 001 000 000 000 000 000 000
  /*160-175*/  000 000 000 000 001 001 001 001 001 001 001 001 001 001 000 000
  /*176-191*/  000 000 000 000 000 000 000 000 000 000 000 000 000 000 000 000
  /*192-207*/  000 000 000 000 000 000 000 000 000 000 000 000 000 000 000 000
  /*208-223*/  000 000 000 000 000 000 000 000 000 000 000 000 000 000 000 000
  /*224-239*/  001 001 001 001 001 001 001 001 001 001 001 001 001 001 001 001
  /*240-255*/  001 001 001 001 001 001 001 001 001 001 001 000 000 000 000 000
ENDTABLE
ENDCODEPAGE


#---------------------------------------------------------------------------
# This contains the data needed to convert from
# codepage 1256 (Arabic) to codepage 710 Arabic MS-DOS
CONVERT
SOURCE-NAME "1256"
TARGET-NAME "710"
TYPE "1"
  /*000-015*/  000 001 149 003 004 005 006 157 008 009 010 011 012 013 014 015
  /*016-031*/  016 017 018 019 176 181 022 023 024 025 026 027 028 029 030 031
  /*032-047*/  032 033 034 035 036 037 038 039 040 041 042 043 044 045 046 047
  /*048-063*/  048 049 050 051 052 053 054 055 056 057 058 059 060 061 062 063
  /*064-079*/  064 065 066 067 068 069 070 071 072 073 074 075 076 077 078 079
  /*080-095*/  080 081 082 083 084 085 086 087 088 089 090 091 092 093 094 095
  /*096-111*/  096 097 098 099 100 101 102 103 104 105 106 107 108 109 110 111
  /*112-127*/  112 113 114 115 116 117 118 119 120 121 122 123 124 125 126 127
  /*128-143*/  182 183 223 187 193 194 195 216 197 198 199 200 201 202 203 204
  /*144-159*/  205 145 146 206 148 002 196 207 152 153 154 155 156 179 158 159
  /*160-175*/  160 208 209 162 161 210 211 021 212 213 214 174 217 218 219 220
  /*176-191*/  164 177 178 221 180 163 020 007 184 185 186 175 188 189 190 191
  /*192-207*/  192 165 166 167 168 169 170 171 172 173 224 225 226 227 228 229
  /*208-223*/  230 231 232 233 234 235 236 215 237 238 239 240 251 241 242 243
  /*224-239*/  133 244 131 245 246 247 248 135 138 130 136 137 249 250 140 139
  /*240-255*/  128 129 132 134 147 141 142 222 143 151 144 150 252 253 254 255
ENDTABLE
ENDCONVERT


#---------------------------------------------------------------------------
# Case tables for code page 720 Arabic MS-DOS and case table basic
CASE
CODEPAGE-NAME 720
CASETABLE-NAME BASIC
TYPE 1
UPPERCASE-MAP
  /*000-015*/  000 001 002 003 004 005 006 007 008 009 010 011 012 013 014 015
  /*016-031*/  016 017 018 019 020 021 022 023 024 025 026 027 028 029 030 031
  /*032-047*/  032 033 034 035 036 037 038 039 040 041 042 043 044 045 046 047
  /*048-063*/  048 049 050 051 052 053 054 055 056 057 058 059 060 061 062 063
  /*064-079*/  064 065 066 067 068 069 070 071 072 073 074 075 076 077 078 079
  /*080-095*/  080 081 082 083 084 085 086 087 088 089 090 091 092 093 094 095
  /*096-111*/  096 065 066 067 068 069 070 071 072 073 074 075 076 077 078 079
  /*112-127*/  080 081 082 083 084 085 086 087 088 089 090 123 124 125 126 127
  /*128-143*/  128 129 130 131 132 133 134 135 136 137 138 139 140 141 142 143
  /*144-159*/  144 145 146 147 148 149 150 151 152 153 154 155 156 157 158 159
  /*160-175*/  160 161 162 163 164 165 166 167 168 169 170 171 172 173 174 175
  /*176-191*/  176 177 178 179 180 181 182 183 184 185 186 187 188 189 190 191
  /*192-207*/  192 193 194 195 196 197 198 199 200 201 202 203 204 205 206 207
  /*208-223*/  208 209 210 211 212 213 214 215 216 217 218 219 220 221 222 223
  /*224-239*/  224 225 226 227 228 229 230 231 232 233 234 235 236 237 238 239
  /*240-255*/  240 241 242 243 244 245 246 247 248 249 250 251 252 253 254 255
ENDTABLE
LOWERCASE-MAP
  /*000-015*/  000 001 002 003 004 005 006 007 008 009 010 011 012 013 014 015
  /*016-031*/  016 017 018 019 020 021 022 023 024 025 026 027 028 029 030 031
  /*032-047*/  032 033 034 035 036 037 038 039 040 041 042 043 044 045 046 047
  /*048-063*/  048 049 050 051 052 053 054 055 056 057 058 059 060 061 062 063
  /*064-079*/  064 097 098 099 100 101 102 103 104 105 106 107 108 109 110 111
  /*080-095*/  112 113 114 115 116 117 118 119 120 121 122 091 092 093 094 095
  /*096-111*/  096 097 098 099 100 101 102 103 104 105 106 107 108 109 110 111
  /*112-127*/  112 113 114 115 116 117 118 119 120 121 122 123 124 125 126 127
  /*128-143*/  128 129 130 131 132 133 134 135 136 137 138 139 140 141 142 143
  /*144-159*/  144 145 146 147 148 149 150 151 152 153 154 155 156 157 158 159
  /*160-175*/  160 161 162 163 164 165 166 167 168 169 170 171 172 173 174 175
  /*176-191*/  176 177 178 179 180 181 182 183 184 185 186 187 188 189 190 191
  /*192-207*/  192 193 194 195 196 197 198 199 200 201 202 203 204 205 206 207
  /*208-223*/  208 209 210 211 212 213 214 215 216 217 218 219 220 221 222 223
  /*224-239*/  224 225 226 227 228 229 230 231 232 233 234 235 236 237 238 239
  /*240-255*/  240 241 242 243 244 245 246 247 248 249 250 251 252 253 254 255
ENDTABLE
ENDCASE


#---------------------------------------------------------------------------
# Collation tables for codepage 720 Arabic MS-DOS and collation Basic
COLLATION
CODEPAGE-NAME 720
COLLATION-NAME BASIC
COLLATION-TRANSLATION-VERSION 1.0-16
CASE-INSENSITIVE-SORT
  /*000-015*/  000 001 002 003 004 005 006 007 008 009 010 011 012 013 014 015
  /*016-031*/  016 017 018 019 020 021 022 023 024 025 026 027 028 029 030 031
  /*032-047*/  032 033 034 035 036 037 038 039 040 041 042 043 044 045 046 047
  /*048-063*/  048 049 050 051 052 053 054 055 056 057 058 059 060 061 062 063
  /*064-079*/  064 065 067 069 071 073 075 077 079 081 083 085 087 089 091 093
  /*080-095*/  095 097 099 101 103 105 107 109 111 113 115 161 162 163 164 165
  /*096-111*/  166 065 067 069 071 073 075 077 079 081 083 085 087 089 091 093
  /*112-127*/  095 097 099 101 103 105 107 109 111 113 115 167 168 169 170 171
  /*128-143*/  164 165 166 167 168 169 170 171 172 173 174 175 176 177 178 179
  /*144-159*/  180 181 182 183 184 185 186 187 128 129 130 131 239 132 133 134
  /*160-175*/  135 136 137 138 139 140 141 142 143 144 145 146 147 148 188 189
  /*176-191*/  190 191 192 193 194 195 196 197 198 199 200 201 202 203 204 205
  /*192-207*/  206 207 208 209 210 211 212 213 214 215 216 217 218 219 220 221
  /*208-223*/  222 223 224 225 226 227 228 229 230 231 232 233 234 235 236 237
  /*224-239*/  149 150 151 152 153 154 238 155 156 157 158 159 160 161 162 163
  /*240-255*/  240 241 242 243 244 245 246 247 248 249 250 251 252 253 254 255
ENDTABLE
CASE-SENSITIVE-SORT
  /*000-015*/  000 001 002 003 004 005 006 007 008 009 010 011 012 013 014 015
  /*016-031*/  016 017 018 019 020 021 022 023 024 025 026 027 028 029 030 031
  /*032-047*/  032 033 034 035 036 037 038 039 040 041 042 043 044 045 046 047
  /*048-063*/  048 049 050 051 052 053 054 055 056 057 058 059 060 061 062 063
  /*064-079*/  064 065 067 069 071 073 075 077 079 081 083 085 087 089 091 093
  /*080-095*/  095 097 099 101 103 105 107 109 111 113 115 161 162 163 164 165
  /*096-111*/  166 065 067 069 071 073 075 077 079 081 083 085 087 089 091 093
  /*112-127*/  095 097 099 101 103 105 107 109 111 113 115 167 168 169 170 171
  /*128-143*/  164 165 166 167 168 169 170 171 172 173 174 175 176 177 178 179
  /*144-159*/  180 181 182 183 184 185 186 187 128 129 130 131 239 132 133 134
  /*160-175*/  135 136 137 138 139 140 141 142 143 144 145 146 147 148 188 189
  /*176-191*/  190 191 192 193 194 195 196 197 198 199 200 201 202 203 204 205
  /*192-207*/  206 207 208 209 210 211 212 213 214 215 216 217 218 219 220 221
  /*208-223*/  222 223 224 225 226 227 228 229 230 231 232 233 234 235 236 237
  /*224-239*/  149 150 151 152 153 154 238 155 156 157 158 159 160 161 162 163
  /*240-255*/  240 241 242 243 244 245 246 247 248 249 250 251 252 253 254 255
ENDTABLE
ENDCOLLATION


#---------------------------------------------------------------------------
# This table contains the attributes for code page 720 Arabic MS-DOs
CODEPAGE
CODEPAGE-NAME "720"
TYPE "1"
ISALPHA
  /*000-015*/  000 000 000 000 000 000 000 000 000 000 000 000 000 000 000 000
  /*016-031*/  000 000 000 000 000 000 000 000 000 000 000 000 000 000 000 000
  /*032-047*/  000 000 000 000 000 000 000 000 000 000 000 000 000 000 000 000
  /*048-063*/  000 000 000 000 000 000 000 000 000 000 000 000 000 000 000 000
  /*064-079*/  000 001 001 001 001 001 001 001 001 001 001 001 001 001 001 001
  /*080-095*/  001 001 001 001 001 001 001 001 001 001 001 000 000 000 000 000
  /*096-111*/  000 001 001 001 001 001 001 001 001 001 001 001 001 001 001 001
  /*112-127*/  001 001 001 001 001 001 001 001 001 001 001 000 000 000 000 000
  /*128-143*/  000 000 000 000 000 000 000 000 000 000 000 000 000 000 000 000
  /*144-159*/  000 001 001 000 000 000 000 000 001 001 001 001 000 001 001 001
  /*160-175*/  001 001 001 001 001 001 001 001 001 001 001 001 001 001 000 000
  /*176-191*/  000 000 000 000 000 000 000 000 000 000 000 000 000 000 000 000
  /*192-207*/  000 000 000 000 000 000 000 000 000 000 000 000 000 000 000 000
  /*208-223*/  000 000 000 000 000 000 000 000 000 000 000 000 000 000 000 000
  /*224-239*/  001 001 001 001 001 001 000 001 001 001 001 001 001 001 001 001
  /*240-255*/  000 001 001 001 001 001 001 000 001 000 000 000 000 000 000 000
ENDTABLE
ENDCODEPAGE


#---------------------------------------------------------------------------
# This contains the data needed to convert from
# codepage 1256 (Arabic) to codepage 720 Arabic MS-DOS
CONVERT
SOURCE-NAME "1256"
TARGET-NAME "720"
TYPE "1"
  /*000-015*/  000 001 176 003 004 005 006 178 008 009 010 011 012 013 014 015
  /*016-031*/  016 017 018 019 181 182 022 023 024 025 026 027 028 029 030 031
  /*032-047*/  032 033 034 035 036 037 038 039 040 041 042 043 044 045 046 047
  /*048-063*/  048 049 050 051 052 053 054 055 056 057 058 059 060 061 062 063
  /*064-079*/  064 065 066 067 068 069 070 071 072 073 074 075 076 077 078 079
  /*080-095*/  080 081 082 083 084 085 086 087 088 089 090 091 092 093 094 095
  /*096-111*/  096 097 098 099 100 101 102 103 104 105 106 107 108 109 110 111
  /*112-127*/  112 113 114 115 116 117 118 119 120 121 122 123 124 125 126 127
  /*128-143*/  128 129 183 187 132 193 134 216 194 195 197 198 199 141 142 143
  /*144-159*/  144 201 202 203 204 002 196 205 206 207 208 209 210 179 211 212
  /*160-175*/  213 214 217 156 148 218 219 021 220 221 222 174 223 240 249 250
  /*176-191*/  248 177 253 251 180 230 020 007 184 185 186 175 188 189 190 191
  /*192-207*/  192 152 153 154 155 157 158 159 160 161 162 163 164 165 166 167
  /*208-223*/  168 169 170 171 172 173 224 215 225 226 227 228 149 229 231 232
  /*224-239*/  133 233 131 234 235 236 237 135 138 130 136 137 238 239 140 139
  /*240-255*/  241 242 243 244 147 245 246 247 145 151 146 150 252 200 254 255
ENDTABLE
ENDCONVERT



