
#---------------------------------------------------------------------------
# This contains the data needed to convert from
# code page ibm852 to code page 1250
CONVERT
SOURCE-NAME "IBM852"
TARGET-NAME "1250"
TYPE "1"
  /*000-015*/  000 001 002 003 004 005 006 007 008 009 010 011 012 013 014 015
  /*016-031*/  016 017 018 019 020 021 022 023 024 025 026 027 028 029 030 031
  /*032-047*/  032 033 034 035 036 037 038 039 040 041 042 043 044 045 046 047
  /*048-063*/  048 049 050 051 052 053 054 055 056 057 058 059 060 061 062 063
  /*064-079*/  064 065 066 067 068 069 070 071 072 073 074 075 076 077 078 079
  /*080-095*/  080 081 082 083 084 085 086 087 088 089 090 091 092 093 094 095
  /*096-111*/  096 097 098 099 100 101 102 103 104 105 106 107 108 109 110 111
  /*112-127*/  112 113 114 115 116 117 118 119 120 121 122 123 124 125 126 127
  /*128-143*/  199 252 233 226 228 249 230 231 179 235 213 245 238 143 196 198
  /*144-159*/  201 197 229 244 246 188 190 140 156 214 220 141 157 163 215 232
  /*160-175*/  225 237 243 250 165 185 142 158 202 234 128 159 200 186 171 187
  /*176-191*/  129 130 131 132 133 193 194 204 170 134 135 136 137 175 191 139
  /*192-207*/  144 145 146 147 148 149 195 227 150 151 152 153 155 166 169 164
  /*208-223*/  240 208 207 203 239 210 205 206 236 172 174 177 181 222 217 182
  /*224-239*/  211 223 212 209 241 242 138 154 192 218 224 219 253 221 254 180
  /*240-255*/  173 189 178 161 162 167 247 184 176 168 255 251 216 248 183 160
ENDTABLE
ENDCONVERT


#---------------------------------------------------------------------------
# Upper and Lower case tables for codepage ibm852
CASE
CODEPAGE-NAME IBM852
CASETABLE-NAME BASIC
TYPE 1
UPPERCASE-MAP
  /*000-015*/  000 001 002 003 004 005 006 007 008 009 010 011 012 013 014 015
  /*016-031*/  016 017 018 019 020 021 022 023 024 025 026 027 028 029 030 031
  /*032-047*/  032 033 034 035 036 037 038 039 040 041 042 043 044 045 046 047
  /*048-063*/  048 049 050 051 052 053 054 055 056 057 058 059 060 061 062 063
  /*064-079*/  064 065 066 067 068 069 070 071 072 073 074 075 076 077 078 079
  /*080-095*/  080 081 082 083 084 085 086 087 088 089 090 091 092 093 094 095
  /*096-111*/  096 065 066 067 068 069 070 071 072 073 074 075 076 077 078 079
  /*112-127*/  080 081 082 083 084 085 086 087 088 089 090 123 124 125 126 127
  /*128-143*/  128 154 144 182 142 222 143 128 157 211 138 138 215 141 142 143
  /*144-159*/  144 145 145 226 153 149 149 151 151 153 154 155 155 157 158 172
  /*160-175*/  181 214 224 233 164 164 166 166 168 168 170 141 172 184 174 175
  /*176-191*/  176 177 178 179 180 181 182 183 184 185 186 187 188 189 189 191
  /*192-207*/  192 193 194 195 196 197 198 198 200 201 202 203 204 205 206 207
  /*208-223*/  209 209 210 211 210 213 214 215 183 217 218 219 220 221 222 223
  /*224-239*/  224 225 226 227 227 213 230 230 232 233 232 235 237 237 221 239
  /*240-255*/  240 241 242 243 244 245 246 247 248 249 250 235 252 252 254 255
ENDTABLE
LOWERCASE-MAP
  /*000-015*/  000 001 002 003 004 005 006 007 008 009 010 011 012 013 014 015
  /*016-031*/  016 017 018 019 020 021 022 023 024 025 026 027 028 029 030 031
  /*032-047*/  032 033 034 035 036 037 038 039 040 041 042 043 044 045 046 047
  /*048-063*/  048 049 050 051 052 053 054 055 056 057 058 059 060 061 062 063
  /*064-079*/  064 097 098 099 100 101 102 103 104 105 106 107 108 109 110 111
  /*080-095*/  112 113 114 115 116 117 118 119 120 121 122 091 092 093 094 095
  /*096-111*/  096 097 098 099 100 101 102 103 104 105 106 107 108 109 110 111
  /*112-127*/  112 113 114 115 116 117 118 119 120 121 122 123 124 125 126 127
  /*128-143*/  135 129 130 131 132 133 134 135 136 137 139 139 140 171 132 134
  /*144-159*/  130 146 146 147 148 150 150 152 152 148 129 156 156 136 158 159
  /*160-175*/  160 161 162 163 165 165 167 167 169 169 170 171 159 173 174 175
  /*176-191*/  176 177 178 179 180 160 131 216 173 185 186 187 188 190 190 191
  /*192-207*/  192 193 194 195 196 197 199 199 200 201 202 203 204 205 206 207
  /*208-223*/  208 208 212 137 212 229 161 140 216 217 218 219 220 238 133 223
  /*224-239*/  162 225 147 228 228 229 231 231 234 163 234 251 236 236 238 239
  /*240-255*/  240 241 242 243 244 245 246 247 248 249 250 251 253 253 254 255
ENDTABLE
ENDCASE


#---------------------------------------------------------------------------
# Collation tables for codepage ibm852
COLLATION
CODEPAGE-NAME IBM852
COLLATION-NAME CZECH
COLLATION-TRANSLATION-VERSION 1.0-16
CASE-INSENSITIVE-SORT
  /*000-015*/  000 001 002 003 004 005 006 007 008 009 010 011 012 013 014 015
  /*016-031*/  016 017 018 019 020 021 022 023 024 025 026 027 028 029 030 031
  /*032-047*/  032 033 034 035 036 037 038 039 040 041 042 043 044 045 046 047
  /*048-063*/  048 049 050 051 052 053 054 055 056 057 058 059 060 061 062 063
  /*064-079*/  064 065 066 067 069 070 071 072 073 074 075 076 077 078 079 080
  /*080-095*/  081 082 083 085 087 088 089 090 091 092 093 095 096 097 098 099
  /*096-111*/  100 065 066 067 069 070 071 072 073 074 075 076 077 078 079 080
  /*112-127*/  081 082 083 085 087 088 089 090 091 092 093 101 102 103 104 105
  /*128-143*/  067 088 070 065 065 088 067 067 077 070 080 080 074 093 065 067
  /*144-159*/  070 077 077 080 080 077 077 085 085 080 088 087 087 077 106 068
  /*160-175*/  065 074 080 088 065 065 094 094 070 070 107 093 068 085 108 109
  /*176-191*/  110 111 112 113 114 065 065 070 085 115 116 117 118 093 093 119
  /*192-207*/  120 121 122 123 124 125 065 065 126 127 128 129 130 131 132 133
  /*208-223*/  069 069 069 070 069 079 074 074 070 134 135 136 137 087 088 138
  /*224-239*/  080 139 080 079 079 079 086 086 083 088 083 088 092 092 087 140
  /*240-255*/  141 142 143 144 145 146 147 148 149 150 151 088 084 084 152 153
ENDTABLE
CASE-SENSITIVE-SORT
  /*000-015*/  000 001 002 003 004 005 006 007 008 009 010 011 012 013 014 015
  /*016-031*/  016 017 018 019 020 021 022 023 024 025 026 027 028 029 030 031
  /*032-047*/  032 033 034 035 036 037 038 039 040 041 042 043 044 045 046 047
  /*048-063*/  048 049 050 051 052 053 054 055 056 057 058 059 060 061 062 063
  /*064-079*/  064 065 067 069 073 075 077 079 081 083 085 087 089 091 093 095
  /*080-095*/  097 099 101 105 109 111 113 115 117 119 121 125 126 127 128 129
  /*096-111*/  130 066 068 070 074 076 078 080 082 084 086 088 090 092 094 096
  /*112-127*/  098 100 102 106 110 112 114 116 118 120 122 131 132 133 134 135
  /*128-143*/  069 112 076 066 066 112 070 070 090 076 095 096 084 121 065 069
  /*144-159*/  075 089 090 096 096 089 090 105 106 095 111 109 110 089 136 072
  /*160-175*/  066 084 096 112 065 066 123 124 075 076 137 122 071 106 138 139
  /*176-191*/  140 141 142 143 144 065 065 075 105 145 146 147 148 121 122 149
  /*192-207*/  150 151 152 153 154 155 065 066 156 157 158 159 160 161 162 163
  /*208-223*/  074 073 073 075 074 093 083 083 076 164 165 165 167 109 111 168
  /*224-239*/  095 169 095 093 094 094 107 108 101 111 102 111 120 119 110 170
  /*240-255*/  171 172 173 174 175 176 177 178 179 180 181 112 103 104 182 183
ENDTABLE
ENDCOLLATION


#---------------------------------------------------------------------------
# This table contains the attributes for code page ibm852
CODEPAGE
CODEPAGE-NAME "IBM852"
TYPE "1"
ISALPHA
  /*000-015*/  000 000 000 000 000 000 000 000 000 000 000 000 000 000 000 000
  /*016-031*/  000 000 000 000 000 000 000 000 000 000 000 000 000 000 000 000
  /*032-047*/  000 000 000 000 000 000 000 000 000 000 000 000 000 000 000 000
  /*048-063*/  000 000 000 000 000 000 000 000 000 000 000 000 000 000 000 000
  /*064-079*/  000 001 001 001 001 001 001 001 001 001 001 001 001 001 001 001
  /*080-095*/  001 001 001 001 001 001 001 001 001 001 001 000 000 000 000 000
  /*096-111*/  000 001 001 001 001 001 001 001 001 001 001 001 001 001 001 001
  /*112-127*/  001 001 001 001 001 001 001 001 001 001 001 000 000 000 000 000
  /*128-143*/  001 001 001 001 001 001 001 001 001 001 001 001 001 001 001 001
  /*144-159*/  001 001 001 001 001 001 001 001 001 001 001 001 001 001 000 001
  /*160-175*/  001 001 001 001 001 001 001 001 001 001 000 001 001 001 000 000
  /*176-191*/  000 000 000 000 000 001 001 001 001 000 000 000 000 001 001 000
  /*192-207*/  000 000 000 000 000 000 001 001 000 000 000 000 000 000 000 000
  /*208-223*/  001 001 001 001 001 001 001 001 001 000 000 000 000 001 001 000
  /*224-239*/  001 001 001 001 001 001 001 001 001 001 001 001 001 001 001 000
  /*240-255*/  000 000 000 000 000 000 000 000 000 000 000 001 001 001 000 000
ENDTABLE
ENDCODEPAGE


#---------------------------------------------------------------------------
# Upper and Lower case tables for codepage 1250
CASE
CODEPAGE-NAME 1250
CASETABLE-NAME BASIC
TYPE 1
UPPERCASE-MAP
  /*000-015*/  000 001 002 003 004 005 006 007 008 009 010 011 012 013 014 015
  /*016-031*/  016 017 018 019 020 021 022 023 024 025 026 027 028 029 030 031
  /*032-047*/  032 033 034 035 036 037 038 039 040 041 042 043 044 045 046 047
  /*048-063*/  048 049 050 051 052 053 054 055 056 057 058 059 060 061 062 063
  /*064-079*/  064 065 066 067 068 069 070 071 072 073 074 075 076 077 078 079
  /*080-095*/  080 081 082 083 084 085 086 087 088 089 090 091 092 093 094 095
  /*096-111*/  096 065 066 067 068 069 070 071 072 073 074 075 076 077 078 079
  /*112-127*/  080 081 082 083 084 085 086 087 088 089 090 123 124 125 126 127
  /*128-143*/  128 129 130 131 132 133 134 135 136 137 138 139 140 141 142 143
  /*144-159*/  144 145 146 147 148 149 150 151 152 153 138 155 140 141 142 143
  /*160-175*/  160 161 162 163 164 165 166 167 168 169 170 171 172 173 174 175
  /*176-191*/  176 177 178 163 180 181 182 183 184 165 170 187 188 189 188 175
  /*192-207*/  192 193 194 195 196 197 198 199 200 201 202 203 204 205 206 207
  /*208-223*/  208 209 210 211 212 213 214 215 216 217 218 219 220 221 222 223
  /*224-239*/  192 193 194 195 196 197 198 199 200 201 202 203 204 205 206 207
  /*240-255*/  208 209 210 211 212 213 214 247 216 217 218 219 220 221 222 255
ENDTABLE
LOWERCASE-MAP
  /*000-015*/  000 001 002 003 004 005 006 007 008 009 010 011 012 013 014 015
  /*016-031*/  016 017 018 019 020 021 022 023 024 025 026 027 028 029 030 031
  /*032-047*/  032 033 034 035 036 037 038 039 040 041 042 043 044 045 046 047
  /*048-063*/  048 049 050 051 052 053 054 055 056 057 058 059 060 061 062 063
  /*064-079*/  064 097 098 099 100 101 102 103 104 105 106 107 108 109 110 111
  /*080-095*/  112 113 114 115 116 117 118 119 120 121 122 091 092 093 094 095
  /*096-111*/  096 097 098 099 100 101 102 103 104 105 106 107 108 109 110 111
  /*112-127*/  112 113 114 115 116 117 118 119 120 121 122 123 124 125 126 127
  /*128-143*/  128 129 130 131 132 133 134 135 136 137 154 139 156 157 158 159
  /*144-159*/  144 145 146 147 148 149 150 151 152 153 154 155 156 157 158 159
  /*160-175*/  160 161 162 179 164 185 166 167 168 169 186 171 172 173 174 191
  /*176-191*/  176 177 178 179 180 181 182 183 184 185 186 187 190 189 190 191
  /*192-207*/  224 225 226 227 228 229 230 231 232 233 234 235 236 237 238 239
  /*208-223*/  240 241 242 243 244 245 246 215 248 249 250 251 252 253 254 223
  /*224-239*/  224 225 226 227 228 229 230 231 232 233 234 235 236 237 238 239
  /*240-255*/  240 241 242 243 244 245 246 247 248 249 250 251 252 253 254 255
ENDTABLE
ENDCASE


#---------------------------------------------------------------------------
# Collation tables for codepage 1250
COLLATION
CODEPAGE-NAME 1250
COLLATION-NAME CZECH
COLLATION-TRANSLATION-VERSION 1.0-16
CASE-INSENSITIVE-SORT
  /*000-015*/  000 001 002 003 004 005 006 007 008 009 010 011 012 013 014 015
  /*016-031*/  016 017 018 019 020 021 022 023 024 025 026 027 028 029 030 031
  /*032-047*/  032 033 034 035 036 037 038 039 040 041 042 043 044 045 046 047
  /*048-063*/  048 049 050 051 052 053 054 055 056 057 058 059 060 061 062 063
  /*064-079*/  064 065 066 067 069 070 071 072 073 074 075 076 077 078 079 080
  /*080-095*/  081 082 083 085 087 088 089 090 091 092 093 095 096 097 098 099
  /*096-111*/  100 065 066 067 069 070 071 072 073 074 075 076 077 078 079 080
  /*112-127*/  081 082 083 085 087 088 089 090 091 092 093 101 102 103 104 105
  /*128-143*/  107 110 111 112 113 114 115 116 117 118 086 119 085 087 094 093
  /*144-159*/  120 121 122 123 124 125 126 127 128 129 086 130 085 087 094 093
  /*160-175*/  153 144 145 077 133 065 131 146 150 132 085 108 134 141 135 093
  /*176-191*/  149 136 143 077 140 137 138 152 148 065 085 109 077 142 077 093
  /*192-207*/  083 065 065 065 065 077 067 067 068 070 070 070 070 074 074 069
  /*208-223*/  069 079 079 080 080 080 080 106 084 088 088 088 088 092 087 139
  /*224-239*/  083 065 065 065 065 077 067 067 068 070 070 070 070 074 074 069
  /*240-255*/  069 079 079 080 080 080 080 147 084 088 088 088 088 092 087 151
ENDTABLE
CASE-SENSITIVE-SORT
  /*000-015*/  000 001 002 003 004 005 006 007 008 009 010 011 012 013 014 015
  /*016-031*/  016 017 018 019 020 021 022 023 024 025 026 027 028 029 030 031
  /*032-047*/  032 033 034 035 036 037 038 039 040 041 042 043 044 045 046 047
  /*048-063*/  048 049 050 051 052 053 054 055 056 057 058 059 060 061 062 063
  /*064-079*/  064 065 067 069 073 075 077 079 081 083 085 087 089 091 093 095
  /*080-095*/  097 099 101 105 109 111 113 115 117 119 121 125 126 127 128 129
  /*096-111*/  130 066 068 070 074 076 078 080 082 084 086 088 090 092 094 096
  /*112-127*/  098 100 102 106 110 112 114 116 118 120 122 131 132 133 134 135
  /*128-143*/  137 140 141 142 143 144 145 146 147 148 107 149 105 109 123 121
  /*144-159*/  150 151 152 153 154 155 156 157 158 159 108 160 106 110 124 122
  /*160-175*/  183 174 175 089 163 065 161 176 180 162 105 138 164 171 165 121
  /*176-191*/  179 165 173 090 170 167 168 182 178 066 106 139 089 172 090 122
  /*192-207*/  101 065 065 065 065 089 069 069 071 075 075 075 075 083 083 073
  /*208-223*/  073 093 093 095 095 095 095 136 103 111 111 111 111 119 109 169
  /*224-239*/  102 066 066 066 066 090 070 070 072 076 076 076 076 084 084 074
  /*240-255*/  074 094 094 096 096 096 096 177 104 112 112 112 112 120 110 181
ENDTABLE
ENDCOLLATION


#---------------------------------------------------------------------------
# This table contains the attributes for code page 1250
CODEPAGE
CODEPAGE-NAME "1250"
TYPE "1"
ISALPHA
  /*000-015*/  000 000 000 000 000 000 000 000 000 000 000 000 000 000 000 000
  /*016-031*/  000 000 000 000 000 000 000 000 000 000 000 000 000 000 000 000
  /*032-047*/  000 000 000 000 000 000 000 000 000 000 000 000 000 000 000 000
  /*048-063*/  000 000 000 000 000 000 000 000 000 000 000 000 000 000 000 000
  /*064-079*/  000 001 001 001 001 001 001 001 001 001 001 001 001 001 001 001
  /*080-095*/  001 001 001 001 001 001 001 001 001 001 001 000 000 000 000 000
  /*096-111*/  000 001 001 001 001 001 001 001 001 001 001 001 001 001 001 001
  /*112-127*/  001 001 001 001 001 001 001 001 001 001 001 000 000 000 000 000
  /*128-143*/  000 000 000 000 000 000 000 000 000 000 001 000 001 001 001 001
  /*144-159*/  000 000 000 000 000 000 000 000 000 000 001 000 001 001 001 001
  /*160-175*/  000 000 000 001 000 001 000 000 000 000 001 000 000 000 000 001
  /*176-191*/  000 000 000 001 000 000 000 000 000 001 001 000 001 000 001 001
  /*192-207*/  001 001 001 001 001 001 001 001 001 001 001 001 001 001 001 001
  /*208-223*/  001 001 001 001 001 001 001 000 001 001 001 001 001 001 001 001
  /*224-239*/  001 001 001 001 001 001 001 001 001 001 001 001 001 001 001 001
  /*240-255*/  001 001 001 001 001 001 001 000 001 001 001 001 001 001 001 000
ENDTABLE
ENDCODEPAGE


#---------------------------------------------------------------------------
# This contains the data needed to convert from
# code page iso8859-2 to code page ibm852
CONVERT
SOURCE-NAME "ISO8859-2"
TARGET-NAME "IBM852"
TYPE "1"
  /*000-015*/  000 001 002 003 004 005 006 007 008 009 010 011 012 013 014 015
  /*016-031*/  016 017 018 019 020 021 022 023 024 025 026 027 028 029 030 031
  /*032-047*/  032 033 034 035 036 037 038 039 040 041 042 043 044 045 046 047
  /*048-063*/  048 049 050 051 052 053 054 055 056 057 058 059 060 061 062 063
  /*064-079*/  064 065 066 067 068 069 070 071 072 073 074 075 076 077 078 079
  /*080-095*/  080 081 082 083 084 085 086 087 088 089 090 091 092 093 094 095
  /*096-111*/  096 097 098 099 100 101 102 103 104 105 106 107 108 109 110 111
  /*112-127*/  112 113 114 115 116 117 118 119 120 121 122 123 124 125 126 127
  /*128-143*/  170 176 177 178 179 180 185 186 187 188 191 192 193 194 195 196
  /*144-159*/  197 200 201 202 203 204 205 206 217 218 219 220 223 254 174 175
  /*160-175*/  255 164 244 157 207 149 151 245 249 230 184 155 141 240 166 189
  /*176-191*/  248 165 242 136 239 150 152 243 247 231 173 156 171 241 167 190
  /*192-207*/  232 181 182 198 142 145 143 128 172 144 168 211 183 214 215 210
  /*208-223*/  209 227 213 224 226 138 153 158 252 222 233 235 154 237 221 225
  /*224-239*/  234 160 131 199 132 146 134 135 159 130 169 137 216 161 140 212
  /*240-255*/  208 228 229 162 147 139 148 246 253 133 163 251 129 236 238 250
ENDTABLE
ENDCONVERT


#---------------------------------------------------------------------------
# This contains the data needed to convert from
# code page iso8859-2 to code page 1250
CONVERT
SOURCE-NAME "ISO8859-2"
TARGET-NAME "1250"
TYPE "1"
  /*000-015*/  000 001 002 003 004 005 006 007 008 009 010 011 012 013 014 015
  /*016-031*/  016 017 018 019 020 021 022 023 024 025 026 027 028 029 030 031
  /*032-047*/  032 033 034 035 036 037 038 039 040 041 042 043 044 045 046 047
  /*048-063*/  048 049 050 051 052 053 054 055 056 057 058 059 060 061 062 063
  /*064-079*/  064 065 066 067 068 069 070 071 072 073 074 075 076 077 078 079
  /*080-095*/  080 081 082 083 084 085 086 087 088 089 090 091 092 093 094 095
  /*096-111*/  096 097 098 099 100 101 102 103 104 105 106 107 108 109 110 111
  /*112-127*/  112 113 114 115 116 117 118 119 120 121 122 123 124 125 126 127
  /*128-143*/  128 129 130 131 132 133 134 135 136 137 139 144 145 146 147 148
  /*144-159*/  149 150 151 152 153 155 166 169 172 174 177 181 182 183 171 187
  /*160-175*/  160 165 162 163 164 188 140 167 168 138 170 141 143 173 142 175
  /*176-191*/  176 185 178 179 180 190 156 161 184 154 186 157 159 189 158 191
  /*192-207*/  192 193 194 195 196 197 198 199 200 201 202 203 204 205 206 207
  /*208-223*/  208 209 210 211 212 213 214 215 216 217 218 219 220 221 222 223
  /*224-239*/  224 225 226 227 228 229 230 231 232 233 234 235 236 237 238 239
  /*240-255*/  240 241 242 243 244 245 246 247 248 249 250 251 252 253 254 255
ENDTABLE
ENDCONVERT


#---------------------------------------------------------------------------
# Upper and Lower case tables for codepage iso8859-2
CASE
CODEPAGE-NAME ISO8859-2
CASETABLE-NAME BASIC
TYPE 1
UPPERCASE-MAP
  /*000-015*/  000 001 002 003 004 005 006 007 008 009 010 011 012 013 014 015
  /*016-031*/  016 017 018 019 020 021 022 023 024 025 026 027 028 029 030 031
  /*032-047*/  032 033 034 035 036 037 038 039 040 041 042 043 044 045 046 047
  /*048-063*/  048 049 050 051 052 053 054 055 056 057 058 059 060 061 062 063
  /*064-079*/  064 065 066 067 068 069 070 071 072 073 074 075 076 077 078 079
  /*080-095*/  080 081 082 083 084 085 086 087 088 089 090 091 092 093 094 095
  /*096-111*/  096 065 066 067 068 069 070 071 072 073 074 075 076 077 078 079
  /*112-127*/  080 081 082 083 084 085 086 087 088 089 090 123 124 125 126 127
  /*128-143*/  128 129 130 131 132 133 134 135 136 137 138 139 140 141 142 143
  /*144-159*/  144 145 146 147 148 149 150 151 152 153 154 155 156 157 158 159
  /*160-175*/  160 161 162 163 164 165 166 167 168 169 170 171 172 173 174 175
  /*176-191*/  176 161 178 163 180 165 166 183 184 169 170 171 172 189 174 175
  /*192-207*/  192 193 194 195 196 197 198 199 200 201 202 203 204 205 206 207
  /*208-223*/  208 209 210 211 212 213 214 215 216 217 218 219 220 221 222 223
  /*224-239*/  192 193 194 195 196 197 198 199 200 201 202 203 204 205 206 207
  /*240-255*/  208 209 210 211 212 213 214 247 216 217 218 219 220 221 222 255
ENDTABLE
LOWERCASE-MAP
  /*000-015*/  000 001 002 003 004 005 006 007 008 009 010 011 012 013 014 015
  /*016-031*/  016 017 018 019 020 021 022 023 024 025 026 027 028 029 030 031
  /*032-047*/  032 033 034 035 036 037 038 039 040 041 042 043 044 045 046 047
  /*048-063*/  048 049 050 051 052 053 054 055 056 057 058 059 060 061 062 063
  /*064-079*/  064 097 098 099 100 101 102 103 104 105 106 107 108 109 110 111
  /*080-095*/  112 113 114 115 116 117 118 119 120 121 122 091 092 093 094 095
  /*096-111*/  096 097 098 099 100 101 102 103 104 105 106 107 108 109 110 111
  /*112-127*/  112 113 114 115 116 117 118 119 120 121 122 123 124 125 126 127
  /*128-143*/  128 129 130 131 132 133 134 135 136 137 138 139 140 141 142 143
  /*144-159*/  144 145 146 147 148 149 150 151 152 153 154 155 156 157 158 159
  /*160-175*/  160 177 162 179 164 181 182 167 168 185 186 187 188 173 190 191
  /*176-191*/  176 177 178 179 180 181 182 183 184 185 186 187 188 189 190 191
  /*192-207*/  224 225 226 227 228 229 230 231 232 233 234 235 236 237 238 239
  /*208-223*/  240 241 242 243 244 245 246 215 248 249 250 251 252 253 254 223
  /*224-239*/  224 225 226 227 228 229 230 231 232 233 234 235 236 237 238 239
  /*240-255*/  240 241 242 243 244 245 246 247 248 249 250 251 252 253 254 255
ENDTABLE
ENDCASE


#---------------------------------------------------------------------------
# Collation tables for codepage iso8859-2
COLLATION
CODEPAGE-NAME ISO8859-2
COLLATION-NAME CZECH
COLLATION-TRANSLATION-VERSION 1.0-16
CASE-INSENSITIVE-SORT
  /*000-015*/  000 001 002 003 004 005 006 007 008 009 010 011 012 013 014 015
  /*016-031*/  016 017 018 019 020 021 022 023 024 025 026 027 028 029 030 031
  /*032-047*/  032 033 034 035 036 037 038 039 040 041 042 043 044 045 046 047
  /*048-063*/  048 049 050 051 052 053 054 055 056 057 058 059 060 061 062 063
  /*064-079*/  064 065 066 067 069 070 071 072 073 074 075 076 077 078 079 080
  /*080-095*/  081 082 083 085 087 088 089 090 091 092 093 095 096 097 098 099
  /*096-111*/  100 065 066 067 069 070 071 072 073 074 075 076 077 078 079 080
  /*112-127*/  081 082 083 085 087 088 089 090 091 092 093 101 102 103 104 105
  /*128-143*/  107 110 111 112 113 114 115 116 117 118 119 120 121 122 123 124
  /*144-159*/  125 126 127 128 129 130 131 132 134 135 136 137 138 152 108 109
  /*160-175*/  153 065 145 077 133 077 085 146 150 086 085 087 093 141 094 093
  /*176-191*/  149 065 143 077 140 077 085 144 148 086 085 087 093 142 094 093
  /*192-207*/  083 065 065 065 065 077 067 067 068 070 070 070 070 074 074 069
  /*208-223*/  069 079 079 080 080 080 080 106 084 088 088 088 088 092 087 139
  /*224-239*/  083 065 065 065 065 077 067 067 068 070 070 070 070 074 074 069
  /*240-255*/  069 079 079 080 080 080 080 147 084 088 088 088 088 092 087 151
ENDTABLE
CASE-SENSITIVE-SORT
  /*000-015*/  000 001 002 003 004 005 006 007 008 009 010 011 012 013 014 015
  /*016-031*/  016 017 018 019 020 021 022 023 024 025 026 027 028 029 030 031
  /*032-047*/  032 033 034 035 036 037 038 039 040 041 042 043 044 045 046 047
  /*048-063*/  048 049 050 051 052 053 054 055 056 057 058 059 060 061 062 063
  /*064-079*/  064 065 067 069 073 075 077 079 081 083 085 087 089 091 093 095
  /*080-095*/  097 099 101 105 109 111 113 115 117 119 121 125 126 127 128 129
  /*096-111*/  130 066 068 070 074 076 078 080 082 084 086 088 090 092 094 096
  /*112-127*/  098 100 102 106 110 112 114 116 118 120 122 131 132 133 134 135
  /*128-143*/  137 140 141 142 143 144 145 146 147 148 149 150 151 152 153 154
  /*144-159*/  155 156 157 158 159 160 161 162 164 165 165 167 168 182 138 139
  /*160-175*/  183 065 175 089 163 089 105 176 180 107 105 109 121 171 123 121
  /*176-191*/  179 066 173 090 170 090 106 174 178 108 106 110 122 172 124 122
  /*192-207*/  101 065 065 065 065 089 069 069 071 075 075 075 075 083 083 073
  /*208-223*/  073 093 093 095 095 095 095 136 103 111 111 111 111 119 109 169
  /*224-239*/  102 066 066 066 066 090 070 070 072 076 076 076 076 084 084 074
  /*240-255*/  074 094 094 096 096 096 096 177 104 112 112 112 112 120 110 181
ENDTABLE
ENDCOLLATION


#---------------------------------------------------------------------------
# This table contains the attributes for code page iso8859-2
CODEPAGE
CODEPAGE-NAME "ISO8859-2"
TYPE "1"
ISALPHA
  /*000-015*/  000 000 000 000 000 000 000 000 000 000 000 000 000 000 000 000
  /*016-031*/  000 000 000 000 000 000 000 000 000 000 000 000 000 000 000 000
  /*032-047*/  000 000 000 000 000 000 000 000 000 000 000 000 000 000 000 000
  /*048-063*/  000 000 000 000 000 000 000 000 000 000 000 000 000 000 000 000
  /*064-079*/  000 001 001 001 001 001 001 001 001 001 001 001 001 001 001 001
  /*080-095*/  001 001 001 001 001 001 001 001 001 001 001 000 000 000 000 000
  /*096-111*/  000 001 001 001 001 001 001 001 001 001 001 001 001 001 001 001
  /*112-127*/  001 001 001 001 001 001 001 001 001 001 001 000 000 000 000 000
  /*128-143*/  000 000 000 000 000 000 000 000 000 000 000 000 000 000 000 000
  /*144-159*/  000 000 000 000 000 000 000 000 000 000 000 000 000 000 000 000
  /*160-175*/  000 001 000 001 000 001 001 000 000 001 001 001 001 000 001 001
  /*176-191*/  000 001 000 001 000 001 001 000 000 001 001 001 001 000 001 001
  /*192-207*/  001 001 001 001 001 001 001 001 001 001 001 001 001 001 001 001
  /*208-223*/  001 001 001 001 001 001 001 000 001 001 001 001 001 001 001 001
  /*224-239*/  001 001 001 001 001 001 001 001 001 001 001 001 001 001 001 001
  /*240-255*/  001 001 001 001 001 001 001 000 001 001 001 001 001 001 001 000
ENDTABLE
ENDCODEPAGE



#---------------------------------------------------------------------------
# Collation tables for code page ibm852 and collation Hungarian
COLLATION
CODEPAGE-NAME IBM852
COLLATION-NAME HUNGARIAN
COLLATION-TRANSLATION-VERSION 1.0-16
CASE-INSENSITIVE-SORT
  /*000-015*/  000 001 002 003 004 005 006 007 008 009 010 011 012 013 014 015
  /*016-031*/  016 017 018 019 020 021 022 023 024 025 026 027 028 029 030 031
  /*032-047*/  032 033 034 035 036 037 038 039 040 041 042 043 044 045 046 047
  /*048-063*/  048 049 050 051 052 053 054 055 056 057 058 059 060 061 062 063
  /*064-079*/  064 065 067 069 071 073 075 077 079 081 083 085 087 089 091 093
  /*080-095*/  097 099 101 103 105 107 111 113 115 117 119 121 122 123 124 125
  /*096-111*/  126 065 067 069 071 073 075 077 079 081 083 085 087 089 091 093
  /*112-127*/  097 099 101 103 105 107 111 113 115 117 119 127 128 129 130 131
  /*128-143*/  208 109 073 198 202 233 206 208 168 214 095 095 218 183 202 206
  /*144-159*/  073 204 204 228 095 171 171 173 173 095 109 181 181 168 230 210
  /*160-175*/  065 081 093 107 165 165 186 186 212 212 132 183 210 179 162 163
  /*176-191*/  133 134 135 136 137 065 198 216 179 138 139 140 141 188 188 142
  /*192-207*/  143 144 145 146 147 148 200 200 149 150 151 152 153 154 155 170
  /*208-223*/  222 222 220 214 220 226 081 218 216 156 157 158 159 237 233 160
  /*224-239*/  093 239 228 224 224 226 177 177 196 107 196 109 235 235 237 192
  /*240-255*/  185 195 191 193 167 175 240 194 190 176 241 109 231 231 161 164
ENDTABLE
CASE-SENSITIVE-SORT
  /*000-015*/  000 001 002 003 004 005 006 007 008 009 010 011 012 013 014 015
  /*016-031*/  016 017 018 019 020 021 022 023 024 025 026 027 028 029 030 031
  /*032-047*/  032 033 034 035 036 037 038 039 040 041 042 043 044 045 046 047
  /*048-063*/  048 049 050 051 052 053 054 055 056 057 058 059 060 061 062 063
  /*064-079*/  064 065 067 069 071 073 075 077 079 081 083 085 087 089 091 093
  /*080-095*/  097 099 101 103 105 107 111 113 115 117 119 121 122 123 124 125
  /*096-111*/  126 066 068 070 072 074 076 078 080 082 084 086 088 090 092 094
  /*112-127*/  098 100 102 104 106 108 112 114 116 118 120 127 128 129 130 131
  /*128-143*/  208 110 074 199 203 234 207 209 169 215 095 096 219 183 202 206
  /*144-159*/  073 204 205 229 096 171 172 173 174 095 109 181 182 168 230 211
  /*160-175*/  066 082 094 108 165 166 186 187 212 213 132 184 210 180 162 163
  /*176-191*/  133 134 135 136 137 065 198 216 179 138 139 140 141 188 189 142
  /*192-207*/  143 144 145 146 147 148 200 201 149 150 151 152 153 154 155 170
  /*208-223*/  223 222 220 214 221 226 081 218 217 156 157 158 159 237 233 160
  /*224-239*/  093 239 228 224 225 227 177 178 196 107 197 109 236 235 238 192
  /*240-255*/  185 195 191 193 167 175 240 194 190 176 241 110 231 232 161 164
ENDTABLE
ENDCOLLATION


#---------------------------------------------------------------------------
# Collation tables for code page 1250 and collation Hungarian
COLLATION
CODEPAGE-NAME 1250
COLLATION-NAME HUNGARIAN
COLLATION-TRANSLATION-VERSION 1.0-16
CASE-INSENSITIVE-SORT
  /*000-015*/  000 001 002 003 004 005 006 007 008 009 010 011 012 013 014 015
  /*016-031*/  016 017 018 019 020 021 022 023 024 025 026 027 028 029 030 031
  /*032-047*/  032 033 034 035 036 037 038 039 040 041 042 043 044 045 046 047
  /*048-063*/  048 049 050 051 052 053 054 055 056 057 058 059 060 061 062 063
  /*064-079*/  064 065 067 069 071 073 075 077 079 081 083 085 087 089 091 093
  /*080-095*/  097 099 101 103 105 107 111 113 115 117 119 121 122 123 124 125
  /*096-111*/  126 065 067 069 071 073 075 077 079 081 083 085 087 089 091 093
  /*112-127*/  097 099 101 103 105 107 111 113 115 117 119 127 128 129 130 131
  /*128-143*/  132 133 134 135 136 137 138 139 140 141 177 142 173 181 186 183
  /*144-159*/  143 144 145 146 147 148 149 150 151 152 177 153 173 181 186 183
  /*160-175*/  164 193 167 168 170 165 154 175 176 155 179 162 156 185 157 188
  /*176-191*/  190 158 191 168 192 159 160 161 194 165 179 163 171 195 171 188
  /*192-207*/  196 065 198 200 202 204 206 208 210 073 212 214 216 081 218 220
  /*208-223*/  222 224 226 093 228 095 095 230 231 233 107 109 109 235 237 239
  /*224-239*/  196 065 198 200 202 204 206 208 210 073 212 214 216 081 218 220
  /*240-255*/  222 224 226 093 228 095 095 240 231 233 107 109 109 235 237 241
ENDTABLE
CASE-SENSITIVE-SORT
  /*000-015*/  000 001 002 003 004 005 006 007 008 009 010 011 012 013 014 015
  /*016-031*/  016 017 018 019 020 021 022 023 024 025 026 027 028 029 030 031
  /*032-047*/  032 033 034 035 036 037 038 039 040 041 042 043 044 045 046 047
  /*048-063*/  048 049 050 051 052 053 054 055 056 057 058 059 060 061 062 063
  /*064-079*/  064 065 067 069 071 073 075 077 079 081 083 085 087 089 091 093
  /*080-095*/  097 099 101 103 105 107 111 113 115 117 119 121 122 123 124 125
  /*096-111*/  126 066 068 070 072 074 076 078 080 082 084 086 088 090 092 094
  /*112-127*/  098 100 102 104 106 108 112 114 116 118 120 127 128 129 130 131
  /*128-143*/  132 133 134 135 136 137 138 139 140 141 177 142 173 181 186 183
  /*144-159*/  143 144 145 146 147 148 149 150 151 152 178 153 174 182 187 184
  /*160-175*/  164 193 167 168 170 165 154 175 176 155 179 162 156 185 157 188
  /*176-191*/  190 158 191 169 192 159 160 161 194 166 180 163 171 195 172 189
  /*192-207*/  196 065 198 200 202 204 206 208 210 073 212 214 216 081 218 220
  /*208-223*/  222 224 226 093 228 095 095 230 231 233 107 109 109 235 237 239
  /*224-239*/  197 066 199 201 203 205 207 209 211 074 213 215 217 082 219 221
  /*240-255*/  223 225 227 094 229 096 096 240 232 234 108 110 110 236 238 241
ENDTABLE
ENDCOLLATION


#---------------------------------------------------------------------------
# Collation tables for code page 1250 and collation Croatian
COLLATION
CODEPAGE-NAME 1250
COLLATION-NAME CROATIAN
COLLATION-TRANSLATION-VERSION 1.1-16
CASE-INSENSITIVE-SORT
  /*000-015*/  000 001 002 003 004 005 006 007 008 009 010 011 012 013 014 015
  /*016-031*/  016 017 018 019 020 021 022 023 024 025 026 027 028 029 030 031
  /*032-047*/  032 033 034 035 036 037 038 039 040 041 042 043 044 045 046 047
  /*048-063*/  048 049 050 051 052 053 054 055 056 057 058 059 060 061 062 063
  /*064-079*/  064 065 067 069 075 079 081 083 086 087 089 091 093 095 097 099
  /*080-095*/  101 103 105 107 111 113 115 117 119 121 123 127 128 129 130 131
  /*096-111*/  132 065 067 069 075 079 081 083 086 087 089 091 093 095 097 099
  /*112-127*/  101 103 105 107 111 113 115 117 119 121 123 133 134 135 136 137
  /*128-143*/  176 177 178 179 180 185 186 187 188 191 109 193 107 111 125 123
  /*144-159*/  200 201 202 203 204 205 206 213 217 218 109 222 107 111 125 123
  /*160-175*/  255 173 189 093 207 065 221 245 249 184 107 174 198 240 199 123
  /*176-191*/  248 241 253 093 239 230 244 250 247 065 107 175 093 171 093 123
  /*192-207*/  105 065 065 065 065 093 073 069 071 079 079 079 079 087 087 075
  /*208-223*/  077 097 097 099 099 099 099 158 105 113 113 113 113 121 111 000
  /*224-239*/  105 065 065 065 065 093 073 069 071 079 079 079 079 087 087 075
  /*240-255*/  077 097 097 099 099 099 099 246 105 113 113 113 113 121 111 254
ENDTABLE
CASE-SENSITIVE-SORT
  /*000-015*/  000 001 002 003 004 005 006 007 008 009 010 011 012 013 014 015
  /*016-031*/  016 017 018 019 020 021 022 023 024 025 026 027 028 029 030 031
  /*032-047*/  032 033 034 035 036 037 038 039 040 041 042 043 044 045 046 047
  /*048-063*/  048 049 050 051 052 053 054 055 056 057 058 059 060 061 062 063
  /*064-079*/  064 065 067 069 075 079 081 083 085 087 089 091 093 095 097 099
  /*080-095*/  101 103 105 107 111 113 115 117 119 121 123 127 128 129 130 131
  /*096-111*/  132 066 068 070 076 080 082 084 086 088 090 092 094 096 098 100
  /*112-127*/  102 104 106 108 112 114 116 118 120 122 124 133 134 135 136 137
  /*128-143*/  176 177 178 179 180 185 186 187 188 191 109 193 107 111 125 123
  /*144-159*/  200 201 202 203 204 205 206 213 217 218 110 222 108 112 126 124
  /*160-175*/  255 173 189 093 207 065 221 245 249 184 107 174 198 240 199 123
  /*176-191*/  248 241 253 094 239 230 244 250 247 066 108 175 093 172 094 124
  /*192-207*/  105 065 065 065 065 093 073 069 071 079 079 079 079 087 087 075
  /*208-223*/  077 097 097 099 099 099 099 158 105 113 113 113 113 121 111 000
  /*224-239*/  106 066 066 066 066 094 074 070 072 080 080 080 080 088 088 076
  /*240-255*/  078 098 098 100 100 100 100 246 106 114 114 114 114 122 112 254
ENDTABLE
ENDCOLLATION


#---------------------------------------------------------------------------
# Collation tables for code page 1250 and collation Slovenian (copied from Croatian)
COLLATION
CODEPAGE-NAME 1250
COLLATION-NAME SLOVENIAN
COLLATION-TRANSLATION-VERSION 1.1-16
CASE-INSENSITIVE-SORT
  /*000-015*/  000 001 002 003 004 005 006 007 008 009 010 011 012 013 014 015
  /*016-031*/  016 017 018 019 020 021 022 023 024 025 026 027 028 029 030 031
  /*032-047*/  032 033 034 035 036 037 038 039 040 041 042 043 044 045 046 047
  /*048-063*/  048 049 050 051 052 053 054 055 056 057 058 059 060 061 062 063
  /*064-079*/  064 065 067 069 075 079 081 083 086 087 089 091 093 095 097 099
  /*080-095*/  101 103 105 107 111 113 115 117 119 121 123 127 128 129 130 131
  /*096-111*/  132 065 067 069 075 079 081 083 086 087 089 091 093 095 097 099
  /*112-127*/  101 103 105 107 111 113 115 117 119 121 123 133 134 135 136 137
  /*128-143*/  176 177 178 179 180 185 186 187 188 191 109 193 107 111 125 123
  /*144-159*/  200 201 202 203 204 205 206 213 217 218 109 222 107 111 125 123
  /*160-175*/  255 173 189 093 207 065 221 245 249 184 107 174 198 240 199 123
  /*176-191*/  248 241 253 093 239 230 244 250 247 065 107 175 093 171 093 123
  /*192-207*/  105 065 065 065 065 093 073 069 071 079 079 079 079 087 087 075
  /*208-223*/  077 097 097 099 099 099 099 158 105 113 113 113 113 121 111 000
  /*224-239*/  105 065 065 065 065 093 073 069 071 079 079 079 079 087 087 075
  /*240-255*/  077 097 097 099 099 099 099 246 105 113 113 113 113 121 111 254
ENDTABLE
CASE-SENSITIVE-SORT
  /*000-015*/  000 001 002 003 004 005 006 007 008 009 010 011 012 013 014 015
  /*016-031*/  016 017 018 019 020 021 022 023 024 025 026 027 028 029 030 031
  /*032-047*/  032 033 034 035 036 037 038 039 040 041 042 043 044 045 046 047
  /*048-063*/  048 049 050 051 052 053 054 055 056 057 058 059 060 061 062 063
  /*064-079*/  064 065 067 069 075 079 081 083 085 087 089 091 093 095 097 099
  /*080-095*/  101 103 105 107 111 113 115 117 119 121 123 127 128 129 130 131
  /*096-111*/  132 066 068 070 076 080 082 084 086 088 090 092 094 096 098 100
  /*112-127*/  102 104 106 108 112 114 116 118 120 122 124 133 134 135 136 137
  /*128-143*/  176 177 178 179 180 185 186 187 188 191 109 193 107 111 125 123
  /*144-159*/  200 201 202 203 204 205 206 213 217 218 110 222 108 112 126 124
  /*160-175*/  255 173 189 093 207 065 221 245 249 184 107 174 198 240 199 123
  /*176-191*/  248 241 253 094 239 230 244 250 247 066 108 175 093 172 094 124
  /*192-207*/  105 065 065 065 065 093 073 069 071 079 079 079 079 087 087 075
  /*208-223*/  077 097 097 099 099 099 099 158 105 113 113 113 113 121 111 000
  /*224-239*/  106 066 066 066 066 094 074 070 072 080 080 080 080 088 088 076
  /*240-255*/  078 098 098 100 100 100 100 246 106 114 114 114 114 122 112 254
ENDTABLE
ENDCOLLATION


#---------------------------------------------------------------------------
# Collation tables for code page iso8859-2 and collation Hungarian
COLLATION
CODEPAGE-NAME ISO8859-2
COLLATION-NAME HUNGARIAN
COLLATION-TRANSLATION-VERSION 1.0-16
CASE-INSENSITIVE-SORT
  /*000-015*/  000 001 002 003 004 005 006 007 008 009 010 011 012 013 014 015
  /*016-031*/  016 017 018 019 020 021 022 023 024 025 026 027 028 029 030 031
  /*032-047*/  032 033 034 035 036 037 038 039 040 041 042 043 044 045 046 047
  /*048-063*/  048 049 050 051 052 053 054 055 056 057 058 059 060 061 062 063
  /*064-079*/  064 065 067 069 071 073 075 077 079 081 083 085 087 089 091 093
  /*080-095*/  097 099 101 103 105 107 111 113 115 117 119 121 122 123 124 125
  /*096-111*/  126 065 067 069 071 073 075 077 079 081 083 085 087 089 091 093
  /*112-127*/  097 099 101 103 105 107 111 113 115 117 119 127 128 129 130 131
  /*128-143*/  132 133 134 135 136 137 138 139 140 141 142 143 144 145 146 147
  /*144-159*/  148 149 150 151 152 153 154 155 156 157 158 159 160 161 162 163
  /*160-175*/  164 165 167 168 170 171 173 175 176 177 179 181 183 185 186 188
  /*176-191*/  190 165 191 168 192 171 173 193 194 177 179 181 183 195 186 188
  /*192-207*/  196 065 198 200 202 204 206 208 210 073 212 214 216 081 218 220
  /*208-223*/  222 224 226 093 228 095 095 230 231 233 107 109 109 235 237 239
  /*224-239*/  196 065 198 200 202 204 206 208 210 073 212 214 216 081 218 220
  /*240-255*/  222 224 226 093 228 095 095 240 231 233 107 109 109 235 237 241
ENDTABLE
CASE-SENSITIVE-SORT
  /*000-015*/  000 001 002 003 004 005 006 007 008 009 010 011 012 013 014 015
  /*016-031*/  016 017 018 019 020 021 022 023 024 025 026 027 028 029 030 031
  /*032-047*/  032 033 034 035 036 037 038 039 040 041 042 043 044 045 046 047
  /*048-063*/  048 049 050 051 052 053 054 055 056 057 058 059 060 061 062 063
  /*064-079*/  064 065 067 069 071 073 075 077 079 081 083 085 087 089 091 093
  /*080-095*/  097 099 101 103 105 107 111 113 115 117 119 121 122 123 124 125
  /*096-111*/  126 066 068 070 072 074 076 078 080 082 084 086 088 090 092 094
  /*112-127*/  098 100 102 104 106 108 112 114 116 118 120 127 128 129 130 131
  /*128-143*/  132 133 134 135 136 137 138 139 140 141 142 143 144 145 146 147
  /*144-159*/  148 149 150 151 152 153 154 155 156 157 158 159 160 161 162 163
  /*160-175*/  164 165 167 168 170 171 173 175 176 177 179 181 183 185 186 188
  /*176-191*/  190 166 191 169 192 172 174 193 194 178 180 182 184 195 187 189
  /*192-207*/  196 065 198 200 202 204 206 208 210 073 212 214 216 081 218 220
  /*208-223*/  222 224 226 093 228 095 095 230 231 233 107 109 109 235 237 239
  /*224-239*/  197 066 199 201 203 205 207 209 211 074 213 215 217 082 219 221
  /*240-255*/  223 225 227 094 229 096 096 240 232 234 108 110 110 236 238 241
ENDTABLE
ENDCOLLATION


#---------------------------------------------------------------------------
# Collation tables for code page ISO8859-2 and collation ROMANIAN
COLLATION
CODEPAGE-NAME ISO8859-2
COLLATION-NAME ROMANIAN
COLLATION-TRANSLATION-VERSION 1.0-16
CASE-INSENSITIVE-SORT
  /*000-015*/  000 001 002 003 004 005 006 007 008 009 010 011 012 013 014 015
  /*016-031*/  016 017 018 019 020 021 022 023 024 025 026 027 028 029 030 031
  /*032-047*/  032 033 034 035 036 037 038 039 040 041 042 043 044 045 046 047
  /*048-063*/  048 049 050 051 052 053 054 055 056 057 058 059 060 061 062 063
  /*064-079*/  064 065 071 073 075 077 079 081 083 085 089 091 093 095 097 099
  /*080-095*/  101 103 105 107 111 115 117 119 121 123 125 127 128 129 130 131
  /*096-111*/  132 065 071 073 075 077 079 081 083 085 089 091 093 095 097 099
  /*112-127*/  101 103 105 107 111 115 117 119 121 123 125 133 134 135 136 137
  /*128-143*/  138 139 140 141 142 143 144 145 146 147 148 149 150 151 152 153
  /*144-159*/  154 155 156 157 158 159 160 161 162 163 164 165 166 167 168 169
  /*160-175*/  170 171 173 174 176 177 179 181 182 183 109 185 187 189 190 192
  /*176-191*/  194 171 195 174 196 177 179 197 198 183 109 185 187 199 190 192
  /*192-207*/  200 202 069 067 204 206 208 210 212 214 216 218 220 222 087 224
  /*208-223*/  226 228 230 232 234 236 238 240 241 243 245 247 249 251 113 253
  /*224-239*/  200 202 069 067 204 206 208 210 212 214 216 218 220 222 087 224
  /*240-255*/  226 228 230 232 234 236 238 254 241 243 245 247 249 251 113 255
ENDTABLE
CASE-SENSITIVE-SORT
  /*000-015*/  000 001 002 003 004 005 006 007 008 009 010 011 012 013 014 015
  /*016-031*/  016 017 018 019 020 021 022 023 024 025 026 027 028 029 030 031
  /*032-047*/  032 033 034 035 036 037 038 039 040 041 042 043 044 045 046 047
  /*048-063*/  048 049 050 051 052 053 054 055 056 057 058 059 060 061 062 063
  /*064-079*/  064 065 071 073 075 077 079 081 083 085 089 091 093 095 097 099
  /*080-095*/  101 103 105 107 111 115 117 119 121 123 125 127 128 129 130 131
  /*096-111*/  132 066 072 074 076 078 080 082 084 086 090 092 094 096 098 100
  /*112-127*/  102 104 106 108 112 116 118 120 122 124 126 133 134 135 136 137
  /*128-143*/  138 139 140 141 142 143 144 145 146 147 148 149 150 151 152 153
  /*144-159*/  154 155 156 157 158 159 160 161 162 163 164 165 166 167 168 169
  /*160-175*/  170 171 173 174 176 177 179 181 182 183 109 185 187 189 190 192
  /*176-191*/  194 172 195 175 196 178 180 197 198 184 110 186 188 199 191 193
  /*192-207*/  200 202 069 067 204 206 208 210 212 214 216 218 220 222 087 224
  /*208-223*/  226 228 230 232 234 236 238 240 241 243 245 247 249 251 113 253
  /*224-239*/  201 203 070 068 205 207 209 211 213 215 217 219 221 223 088 225
  /*240-255*/  227 229 231 233 235 237 239 254 242 244 246 248 250 252 114 255
ENDTABLE
ENDCOLLATION


#---------------------------------------------------------------------------
# Collation tables for code page IBM852 and collation ROMANIAN
COLLATION
CODEPAGE-NAME IBM852
COLLATION-NAME ROMANIAN
COLLATION-TRANSLATION-VERSION 1.0-16
CASE-INSENSITIVE-SORT
  /*000-015*/  000 001 002 003 004 005 006 007 008 009 010 011 012 013 014 015
  /*016-031*/  016 017 018 019 020 021 022 023 024 025 026 027 028 029 030 031
  /*032-047*/  032 033 034 035 036 037 038 039 040 041 042 043 044 045 046 047
  /*048-063*/  048 049 050 051 052 053 054 055 056 057 058 059 060 061 062 063
  /*064-079*/  064 065 071 073 075 077 079 081 083 085 089 091 093 095 097 099
  /*080-095*/  101 103 105 107 111 115 117 119 121 123 125 127 128 129 130 131
  /*096-111*/  132 065 071 073 075 077 079 081 083 085 089 091 093 095 097 099
  /*112-127*/  101 103 105 107 111 115 117 119 121 123 125 133 134 135 136 137
  /*128-143*/  138 158 148 069 144 220 146 138 162 210 140 140 087 142 144 146
  /*144-159*/  148 150 150 226 156 152 152 154 154 156 158 160 160 162 164 172
  /*160-175*/  181 214 223 234 165 165 167 167 169 169 171 142 172 109 174 175
  /*176-191*/  176 177 178 179 180 181 069 183 109 185 186 187 188 189 189 191
  /*192-207*/  192 193 194 195 196 197 067 067 198 199 200 201 202 203 204 205
  /*208-223*/  206 206 208 210 208 212 214 087 183 216 217 218 219 113 220 222
  /*224-239*/  223 225 226 228 228 212 230 230 232 234 232 236 238 238 113 240
  /*240-255*/  241 242 243 244 245 246 247 248 249 250 251 236 252 252 254 255
ENDTABLE
CASE-SENSITIVE-SORT
  /*000-015*/  000 001 002 003 004 005 006 007 008 009 010 011 012 013 014 015
  /*016-031*/  016 017 018 019 020 021 022 023 024 025 026 027 028 029 030 031
  /*032-047*/  032 033 034 035 036 037 038 039 040 041 042 043 044 045 046 047
  /*048-063*/  048 049 050 051 052 053 054 055 056 057 058 059 060 061 062 063
  /*064-079*/  064 065 071 073 075 077 079 081 083 085 089 091 093 095 097 099
  /*080-095*/  101 103 105 107 111 115 117 119 121 123 125 127 128 129 130 131
  /*096-111*/  132 066 072 074 076 078 080 082 084 086 090 092 094 096 098 100
  /*112-127*/  102 104 106 108 112 116 118 120 122 124 126 133 134 135 136 137
  /*128-143*/  138 159 149 070 145 221 147 139 163 211 140 141 088 142 144 146
  /*144-159*/  148 150 151 227 157 152 153 154 155 156 158 160 161 162 164 173
  /*160-175*/  182 215 224 235 165 166 167 168 169 170 171 143 172 110 174 175
  /*176-191*/  176 177 178 179 180 181 069 183 109 185 186 187 188 189 190 191
  /*192-207*/  192 193 194 195 196 197 067 068 198 199 200 201 202 203 204 205
  /*208-223*/  207 206 208 210 209 212 214 087 184 216 217 218 219 113 220 222
  /*224-239*/  223 225 226 228 229 213 230 231 232 234 233 236 239 238 114 240
  /*240-255*/  241 242 243 244 245 246 247 248 249 250 251 237 252 253 254 255
ENDTABLE
ENDCOLLATION


#---------------------------------------------------------------------------
# Collation tables for code page 1250 and collation ROMANIAN
COLLATION
CODEPAGE-NAME 1250
COLLATION-NAME ROMANIAN
COLLATION-TRANSLATION-VERSION 1.0-16
CASE-INSENSITIVE-SORT
  /*000-015*/  000 001 002 003 004 005 006 007 008 009 010 011 012 013 014 015
  /*016-031*/  016 017 018 019 020 021 022 023 024 025 026 027 028 029 030 031
  /*032-047*/  032 033 034 035 036 037 038 039 040 041 042 043 044 045 046 047
  /*048-063*/  048 049 050 051 052 053 054 055 056 057 058 059 060 061 062 063
  /*064-079*/  064 065 071 073 075 077 079 081 083 085 089 091 093 095 097 099
  /*080-095*/  101 103 105 107 111 115 117 119 121 123 125 127 128 129 130 131
  /*096-111*/  132 065 071 073 075 077 079 081 083 085 089 091 093 095 097 099
  /*112-127*/  101 103 105 107 111 115 117 119 121 123 125 133 134 135 136 137
  /*128-143*/  138 139 140 141 142 143 144 145 146 147 148 150 151 153 155 157
  /*144-159*/  159 160 161 162 163 164 165 166 167 168 148 169 151 153 155 157
  /*160-175*/  170 171 172 173 175 176 178 179 180 181 109 182 183 184 185 186
  /*176-191*/  188 189 190 173 191 192 193 194 195 176 109 196 197 199 197 186
  /*192-207*/  200 202 069 067 204 206 208 210 212 214 216 218 220 222 087 224
  /*208-223*/  226 228 230 232 234 236 238 240 241 243 245 247 249 251 113 253
  /*224-239*/  200 202 069 067 204 206 208 210 212 214 216 218 220 222 087 224
  /*240-255*/  226 228 230 232 234 236 238 254 241 243 245 247 249 251 113 255
ENDTABLE
CASE-SENSITIVE-SORT
  /*000-015*/  000 001 002 003 004 005 006 007 008 009 010 011 012 013 014 015
  /*016-031*/  016 017 018 019 020 021 022 023 024 025 026 027 028 029 030 031
  /*032-047*/  032 033 034 035 036 037 038 039 040 041 042 043 044 045 046 047
  /*048-063*/  048 049 050 051 052 053 054 055 056 057 058 059 060 061 062 063
  /*064-079*/  064 065 071 073 075 077 079 081 083 085 089 091 093 095 097 099
  /*080-095*/  101 103 105 107 111 115 117 119 121 123 125 127 128 129 130 131
  /*096-111*/  132 066 072 074 076 078 080 082 084 086 090 092 094 096 098 100
  /*112-127*/  102 104 106 108 112 116 118 120 122 124 126 133 134 135 136 137
  /*128-143*/  138 139 140 141 142 143 144 145 146 147 148 150 151 153 155 157
  /*144-159*/  159 160 161 162 163 164 165 166 167 168 149 169 152 154 156 158
  /*160-175*/  170 171 172 173 175 176 178 179 180 181 109 182 183 184 185 186
  /*176-191*/  188 189 190 174 191 192 193 194 195 177 110 196 197 199 198 187
  /*192-207*/  200 202 069 067 204 206 208 210 212 214 216 218 220 222 087 224
  /*208-223*/  226 228 230 232 234 236 238 240 241 243 245 247 249 251 113 253
  /*224-239*/  201 203 070 068 205 207 209 211 213 215 217 219 221 223 088 225
  /*240-255*/  227 229 231 233 235 237 239 254 242 244 246 248 250 252 114 255
ENDTABLE
ENDCOLLATION




