#
# ebccoll.dat
#
# This file contains the definition of a Progress collation table that
# will sort ISO8859-1 data into the order found in the IBM EBCDIC 037
# code page.
#
# Note that, when compiled the table EBCDIC037 will cause the following
# warning to be issued:
#
#   "Warning: Value 255 of the case insensitive table for code page
#   ISO8859-1 and collation EBCDIC037 does not have the same sort weight
#   for upper and lower case using case table BASIC. (1674)"
#
# This is normal and can be ignored.
#
#---------------------------------------------------------------------------
# Collation table to sort ISO8859-1 data into IBM037 (binary) order
COLLATION
CODEPAGE-NAME "ISO8859-1"
COLLATION-NAME "EBCDIC037"
COLLATION-TRANSLATION-VERSION 1.0-16
CASE-INSENSITIVE-SORT
  /*000-015*/  000 001 002 003 004 005 006 007 008 009 010 011 012 013 014 015
  /*016-031*/  016 017 018 019 020 021 022 023 024 025 026 027 028 029 030 031
  /*032-047*/  064 090 127 123 091 108 080 125 077 093 092 078 107 096 075 097
  /*048-063*/  240 241 242 243 244 245 246 247 248 249 122 094 076 126 110 111
  /*064-079*/  124 193 194 195 196 197 198 199 200 201 209 210 211 212 213 214
  /*080-095*/  215 216 217 226 227 228 229 230 231 232 233 186 224 187 176 109
  /*096-111*/  121 193 194 195 196 197 198 199 200 201 209 210 211 212 213 214
  /*112-127*/  215 216 217 226 227 228 229 230 231 232 233 192 079 208 161 032
  /*128-143*/  033 034 035 036 037 038 039 040 041 042 043 044 045 046 047 048
  /*144-159*/  049 050 051 052 053 054 055 056 057 058 059 060 061 062 063 255
  /*160-175*/  065 170 074 177 159 178 106 181 189 180 154 138 095 202 175 188
  /*176-191*/  144 143 234 250 190 160 182 179 157 218 155 139 183 184 185 171
  /*192-207*/  100 101 098 102 099 103 158 104 116 113 114 115 120 117 118 119
  /*208-223*/  172 105 237 238 235 239 236 191 128 253 254 251 252 173 174 089
  /*224-239*/  100 101 098 102 099 103 158 104 116 113 114 115 120 117 118 119
  /*240-255*/  172 105 237 238 235 239 236 225 128 253 254 251 252 173 174 232
ENDTABLE
CASE-SENSITIVE-SORT
  /*000-015*/  000 001 002 003 004 005 006 007 008 009 010 011 012 013 014 015
  /*016-031*/  016 017 018 019 020 021 022 023 024 025 026 027 028 029 030 031
  /*032-047*/  064 090 127 123 091 108 080 125 077 093 092 078 107 096 075 097
  /*048-063*/  240 241 242 243 244 245 246 247 248 249 122 094 076 126 110 111
  /*064-079*/  124 193 194 195 196 197 198 199 200 201 209 210 211 212 213 214
  /*080-095*/  215 216 217 226 227 228 229 230 231 232 233 186 224 187 176 109
  /*096-111*/  121 129 130 131 132 133 134 135 136 137 145 146 147 148 149 150
  /*112-127*/  151 152 153 162 163 164 165 166 167 168 169 192 079 208 161 032
  /*128-143*/  033 034 035 036 037 038 039 040 041 042 043 044 045 046 047 048
  /*144-159*/  049 050 051 052 053 054 055 056 057 058 059 060 061 062 063 255
  /*160-175*/  065 170 074 177 159 178 106 181 189 180 154 138 095 202 175 188
  /*176-191*/  144 143 234 250 190 160 182 179 157 218 155 139 183 184 185 171
  /*192-207*/  100 101 098 102 099 103 158 104 116 113 114 115 120 117 118 119
  /*208-223*/  172 105 237 238 235 239 236 191 128 253 254 251 252 173 174 089
  /*224-239*/  068 069 066 070 067 071 156 072 084 081 082 083 088 085 086 087
  /*240-255*/  140 073 205 206 203 207 204 225 112 221 222 219 220 141 142 223
ENDTABLE
ENDCOLLATION
