# This table contains the attributes for code page GB18030
# 
# Lead Byte range is  81-FE (129-254)
# Trail Byte ranges are 30-39, 40-7E, 80-FE (48-57, 64-126, 128-254)
# Character is a 4-byte character if the the first and fourth trail bytes 
# are in the 30-39 range.

CODEPAGE
CODEPAGE-NAME "GB18030"
TYPE "130"
ISALPHA
  /*000-015*/  000 000 000 000 000 000 000 000 000 000 000 000 000 000 000 000
  /*016-031*/  000 000 000 000 000 000 000 000 000 000 000 000 000 000 000 000
  /*032-047*/  000 000 000 000 000 000 000 000 000 000 000 000 000 000 000 000
  /*048-063*/  000 000 000 000 000 000 000 000 000 000 000 000 000 000 000 000
  /*064-079*/  000 001 001 001 001 001 001 001 001 001 001 001 001 001 001 001
  /*080-095*/  001 001 001 001 001 001 001 001 001 001 001 000 000 000 000 000
  /*096-111*/  000 001 001 001 001 001 001 001 001 001 001 001 001 001 001 001
  /*112-127*/  001 001 001 001 001 001 001 001 001 001 001 000 000 000 000 000
  /*128-143*/  001 001 001 001 001 001 001 001 001 001 001 001 001 001 001 001
  /*144-159*/  001 001 001 001 001 001 001 001 001 001 001 001 001 001 001 001
  /*160-175*/  001 001 001 001 001 001 001 001 001 001 001 001 001 001 001 001
  /*176-191*/  001 001 001 001 001 001 001 001 001 001 001 001 001 001 001 001
  /*192-207*/  001 001 001 001 001 001 001 001 001 001 001 001 001 001 001 001
  /*208-223*/  001 001 001 001 001 001 001 001 001 001 001 001 001 001 001 001
  /*224-239*/  001 001 001 001 001 001 001 001 001 001 001 001 001 001 001 001
  /*240-255*/  001 001 001 001 001 001 001 001 001 001 001 001 001 001 001 001
ENDTABLE
LEAD-BYTE
  /*000-015*/  000 000 000 000 000 000 000 000 000 000 000 000 000 000 000 000
  /*016-031*/  000 000 000 000 000 000 000 000 000 000 000 000 000 000 000 000
  /*032-047*/  000 000 000 000 000 000 000 000 000 000 000 000 000 000 000 000
  /*048-063*/  000 000 000 000 000 000 000 000 000 000 000 000 000 000 000 000
  /*064-079*/  000 000 000 000 000 000 000 000 000 000 000 000 000 000 000 000
  /*080-095*/  000 000 000 000 000 000 000 000 000 000 000 000 000 000 000 000
  /*096-111*/  000 000 000 000 000 000 000 000 000 000 000 000 000 000 000 000
  /*112-127*/  000 000 000 000 000 000 000 000 000 000 000 000 000 000 000 000
  /*128-143*/  000 001 001 001 001 001 001 001 001 001 001 001 001 001 001 001
  /*144-159*/  001 001 001 001 001 001 001 001 001 001 001 001 001 001 001 001
  /*160-175*/  001 001 001 001 001 001 001 001 001 001 001 001 001 001 001 001
  /*176-191*/  001 001 001 001 001 001 001 001 001 001 001 001 001 001 001 001
  /*192-207*/  001 001 001 001 001 001 001 001 001 001 001 001 001 001 001 001
  /*208-223*/  001 001 001 001 001 001 001 001 001 001 001 001 001 001 001 001
  /*224-239*/  001 001 001 001 001 001 001 001 001 001 001 001 001 001 001 001
  /*240-255*/  001 001 001 001 001 001 001 001 001 001 001 001 001 001 001 000 
ENDTABLE
TRAIL-BYTE
  /*000-015*/  000 000 000 000 000 000 000 000 000 000 000 000 000 000 000 000
  /*016-031*/  000 000 000 000 000 000 000 000 000 000 000 000 000 000 000 000
  /*032-047*/  000 000 000 000 000 000 000 000 000 000 000 000 000 000 000 000
  /*048-063*/  002 002 002 002 002 002 002 002 002 002 000 000 000 000 000 000
  /*064-079*/  001 001 001 001 001 001 001 001 001 001 001 001 001 001 001 001
  /*080-095*/  001 001 001 001 001 001 001 001 001 001 001 001 001 001 001 001
  /*096-111*/  001 001 001 001 001 001 001 001 001 001 001 001 001 001 001 001
  /*112-127*/  001 001 001 001 001 001 001 001 001 001 001 001 001 001 001 000
  /*128-143*/  001 001 001 001 001 001 001 001 001 001 001 001 001 001 001 001
  /*144-159*/  001 001 001 001 001 001 001 001 001 001 001 001 001 001 001 001
  /*160-175*/  001 001 001 001 001 001 001 001 001 001 001 001 001 001 001 001
  /*176-191*/  001 001 001 001 001 001 001 001 001 001 001 001 001 001 001 001
  /*192-207*/  001 001 001 001 001 001 001 001 001 001 001 001 001 001 001 001
  /*208-223*/  001 001 001 001 001 001 001 001 001 001 001 001 001 001 001 001
  /*224-239*/  001 001 001 001 001 001 001 001 001 001 001 001 001 001 001 001
  /*240-255*/  001 001 001 001 001 001 001 001 001 001 001 001 001 001 001 000
ENDTABLE
ENDCODEPAGE


CONVERT
SOURCE-NAME "GB18030"
TARGET-NAME "UTF-16"
TYPE "6"
NOTABLE
ENDCONVERT


CONVERT
SOURCE-NAME "GB18030"
TARGET-NAME "UTF-16LE"
TYPE "173"
NOTABLE
ENDCONVERT


CONVERT
SOURCE-NAME "GB18030"
TARGET-NAME "UTF-16BE"
TYPE "175"
NOTABLE
ENDCONVERT


CONVERT
SOURCE-NAME "GB18030"
TARGET-NAME "UTF-8"
TYPE "177"
NOTABLE
ENDCONVERT
