
#---------------------------------------------------------------------------
# This table contains the attributes for code page 1253
CODEPAGE
CODEPAGE-NAME "1253"
TYPE "1"
ISALPHA
  /*000-015*/  000 000 000 000 000 000 000 000 000 000 000 000 000 000 000 000
  /*016-031*/  000 000 000 000 000 000 000 000 000 000 000 000 000 000 000 000
  /*032-047*/  000 000 000 000 000 000 000 000 000 000 000 000 000 000 000 000
  /*048-063*/  000 000 000 000 000 000 000 000 000 000 000 000 000 000 000 000
  /*064-079*/  000 001 001 001 001 001 001 001 001 001 001 001 001 001 001 001
  /*080-095*/  001 001 001 001 001 001 001 001 001 001 001 000 000 000 000 000
  /*096-111*/  000 001 001 001 001 001 001 001 001 001 001 001 001 001 001 001
  /*112-127*/  001 001 001 001 001 001 001 001 001 001 001 000 000 000 000 000
  /*128-143*/  000 000 000 000 000 000 000 000 000 000 000 000 000 000 000 000
  /*144-159*/  000 000 000 000 000 000 000 000 000 000 000 000 000 000 000 000
  /*160-175*/  000 000 001 000 000 000 000 000 000 000 000 000 000 000 000 000
  /*176-191*/  000 000 000 000 000 001 000 000 001 001 001 000 001 000 001 001
  /*192-207*/  001 001 001 001 001 001 001 001 001 001 001 001 001 001 001 001
  /*208-223*/  001 001 000 001 001 001 001 001 001 001 001 001 001 001 001 001
  /*224-239*/  001 001 001 001 001 001 001 001 001 001 001 001 001 001 001 001
  /*240-255*/  001 001 001 001 001 001 001 001 001 001 001 001 001 001 001 000
ENDTABLE
ENDCODEPAGE


#---------------------------------------------------------------------------
# This table contains basic case information for code page 1253
CASE
CODEPAGE-NAME 1253
CASETABLE-NAME BASIC
TYPE 1
UPPERCASE-MAP
  /*000-015*/  000 001 002 003 004 005 006 007 008 009 010 011 012 013 014 015
  /*016-031*/  016 017 018 019 020 021 022 023 024 025 026 027 028 029 030 031
  /*032-047*/  032 033 034 035 036 037 038 039 040 041 042 043 044 045 046 047
  /*048-063*/  048 049 050 051 052 053 054 055 056 057 058 059 060 061 062 063
  /*064-079*/  064 065 066 067 068 069 070 071 072 073 074 075 076 077 078 079
  /*080-095*/  080 081 082 083 084 085 086 087 088 089 090 091 092 093 094 095
  /*096-111*/  096 065 066 067 068 069 070 071 072 073 074 075 076 077 078 079
  /*112-127*/  080 081 082 083 084 085 086 087 088 089 090 123 124 125 126 127
  /*128-143*/  128 129 130 131 132 133 134 135 136 137 138 139 140 141 142 143
  /*144-159*/  144 145 146 147 148 149 150 151 152 153 154 155 156 157 158 159
  /*160-175*/  160 161 162 163 164 165 166 167 168 169 170 171 172 173 174 175
  /*176-191*/  176 177 178 179 180 181 182 183 184 185 186 187 188 189 190 191
  /*192-207*/  218 193 194 195 196 197 198 199 200 201 202 203 204 205 206 207
  /*208-223*/  208 209 210 211 212 213 214 215 216 217 218 219 162 184 185 186
  /*224-239*/  219 193 194 195 196 197 198 199 200 201 202 203 204 205 206 207
  /*240-255*/  208 209 211 211 212 213 214 215 216 217 218 219 188 190 191 255
ENDTABLE
LOWERCASE-MAP
  /*000-015*/  000 001 002 003 004 005 006 007 008 009 010 011 012 013 014 015
  /*016-031*/  016 017 018 019 020 021 022 023 024 025 026 027 028 029 030 031
  /*032-047*/  032 033 034 035 036 037 038 039 040 041 042 043 044 045 046 047
  /*048-063*/  048 049 050 051 052 053 054 055 056 057 058 059 060 061 062 063
  /*064-079*/  064 097 098 099 100 101 102 103 104 105 106 107 108 109 110 111
  /*080-095*/  112 113 114 115 116 117 118 119 120 121 122 091 092 093 094 095
  /*096-111*/  096 097 098 099 100 101 102 103 104 105 106 107 108 109 110 111
  /*112-127*/  112 113 114 115 116 117 118 119 120 121 122 123 124 125 126 127
  /*128-143*/  128 129 130 131 132 133 134 135 136 137 138 139 140 141 142 143
  /*144-159*/  144 145 146 147 148 149 150 151 152 153 154 155 156 157 158 159
  /*160-175*/  160 161 220 163 164 165 166 167 168 169 170 171 172 173 174 175
  /*176-191*/  176 177 178 179 180 181 182 183 221 222 223 187 252 189 253 254
  /*192-207*/  192 225 226 227 228 229 230 231 232 233 234 235 236 237 238 239
  /*208-223*/  240 241 210 243 244 245 246 247 248 249 250 251 220 221 222 223
  /*224-239*/  224 225 226 227 228 229 230 231 232 233 234 235 236 237 238 239
  /*240-255*/  240 241 242 243 244 245 246 247 248 249 250 251 252 253 254 255
ENDTABLE
ENDCASE


#---------------------------------------------------------------------------
# Collation tables for code page 1253 and collation Greek
COLLATION
CODEPAGE-NAME 1253
COLLATION-NAME GREEK
COLLATION-TRANSLATION-VERSION 1.0-16
CASE-INSENSITIVE-SORT
  /*000-015*/  000 001 002 003 004 005 006 007 008 009 010 011 012 013 014 015
  /*016-031*/  016 017 018 019 020 021 022 023 024 025 026 027 028 029 030 031
  /*032-047*/  032 033 034 035 036 037 038 039 040 041 042 043 044 045 046 047
  /*048-063*/  048 049 050 051 052 053 054 055 056 057 058 059 060 061 062 063
  /*064-079*/  064 065 069 073 077 081 085 087 091 097 101 103 107 111 115 121
  /*080-095*/  125 127 131 135 139 143 145 147 153 157 161 165 166 167 168 169
  /*096-111*/  170 065 069 073 077 081 085 087 091 097 101 103 107 111 115 121
  /*112-127*/  125 127 131 135 139 143 145 147 153 157 161 171 172 173 174 175
  /*128-143*/  176 177 178 179 180 181 182 183 184 185 186 187 188 189 190 191
  /*144-159*/  192 193 194 195 196 197 198 199 200 201 202 203 204 205 206 207
  /*160-175*/  208 209 067 210 211 212 213 214 215 216 217 218 219 220 221 222
  /*176-191*/  223 224 225 226 227 228 229 230 083 093 099 231 123 232 149 163
  /*192-207*/  099 067 071 075 079 083 089 093 095 099 105 109 113 117 119 123
  /*208-223*/  129 133 233 137 141 149 151 155 159 163 099 149 067 083 093 099
  /*224-239*/  149 067 071 075 079 083 089 093 095 099 105 109 113 117 119 123
  /*240-255*/  129 133 137 137 141 149 151 155 159 163 099 149 123 149 163 234
ENDTABLE
CASE-SENSITIVE-SORT
  /*000-015*/  000 001 002 003 004 005 006 007 008 009 010 011 012 013 014 015
  /*016-031*/  016 017 018 019 020 021 022 023 024 025 026 027 028 029 030 031
  /*032-047*/  032 033 034 035 036 037 038 039 040 041 042 043 044 045 046 047
  /*048-063*/  048 049 050 051 052 053 054 055 056 057 058 059 060 061 062 063
  /*064-079*/  064 065 069 073 077 081 085 087 091 097 101 103 107 111 115 121
  /*080-095*/  125 127 131 135 139 143 145 147 153 157 161 165 166 167 168 169
  /*096-111*/  170 066 070 074 078 082 086 088 092 098 102 104 108 112 116 122
  /*112-127*/  126 128 132 136 140 144 146 148 154 158 162 171 172 173 174 175
  /*128-143*/  176 177 178 179 180 181 182 183 184 185 186 187 188 189 190 191
  /*144-159*/  192 193 194 195 196 197 198 199 200 201 202 203 204 205 206 207
  /*160-175*/  208 209 067 210 211 212 213 214 215 216 217 218 219 220 221 222
  /*176-191*/  223 224 225 226 227 228 229 230 083 093 099 231 123 232 149 163
  /*192-207*/  100 067 071 075 079 083 089 093 095 099 105 109 113 117 119 123
  /*208-223*/  129 133 233 137 141 149 151 155 159 163 099 149 068 084 094 100
  /*224-239*/  150 068 072 076 080 084 090 094 096 100 106 110 114 118 120 124
  /*240-255*/  130 134 138 138 142 150 152 156 160 164 100 150 124 150 164 234
ENDTABLE
ENDCOLLATION



#---------------------------------------------------------------------------
# This table contains the attributes for code page ibm851
CODEPAGE
CODEPAGE-NAME "IBM851"
TYPE "1"
ISALPHA
  /*000-015*/  000 000 000 000 000 000 000 000 000 000 000 000 000 000 000 000
  /*016-031*/  000 000 000 000 000 000 000 000 000 000 000 000 000 000 000 000
  /*032-047*/  000 000 000 000 000 000 000 000 000 000 000 000 000 000 000 000
  /*048-063*/  000 000 000 000 000 000 000 000 000 000 000 000 000 000 000 000
  /*064-079*/  000 001 001 001 001 001 001 001 001 001 001 001 001 001 001 001
  /*080-095*/  001 001 001 001 001 001 001 001 001 001 001 000 000 000 000 000
  /*096-111*/  000 001 001 001 001 001 001 001 001 001 001 001 001 001 001 001
  /*112-127*/  001 001 001 001 001 001 001 001 001 001 001 000 000 000 000 000
  /*128-143*/  001 001 001 001 001 001 001 001 001 001 001 001 001 001 001 001
  /*144-159*/  001 000 001 001 001 001 001 001 001 001 001 001 001 001 001 001
  /*160-175*/  001 001 001 001 001 001 001 001 001 001 001 000 001 001 000 000
  /*176-191*/  000 000 000 000 000 001 001 001 001 000 000 000 000 001 001 000
  /*192-207*/  000 000 000 000 000 000 001 001 000 000 000 000 000 000 000 001
  /*208-223*/  001 001 001 001 001 001 001 001 001 000 000 000 000 001 001 000
  /*224-239*/  001 001 001 001 001 001 001 001 001 001 001 001 001 001 001 000
  /*240-255*/  000 000 001 001 001 000 001 000 000 000 001 001 001 001 000 000
ENDTABLE
ENDCODEPAGE


#---------------------------------------------------------------------------
# This table contains the basic case information for code page ibm851
CASE
CODEPAGE-NAME IBM851
CASETABLE-NAME BASIC
TYPE 1
UPPERCASE-MAP
  /*000-015*/  000 001 002 003 004 005 006 007 008 009 010 011 012 013 014 015
  /*016-031*/  016 017 018 019 020 021 022 023 024 025 026 027 028 029 030 031
  /*032-047*/  032 033 034 035 036 037 038 039 040 041 042 043 044 045 046 047
  /*048-063*/  048 049 050 051 052 053 054 055 056 057 058 059 060 061 062 063
  /*064-079*/  064 065 066 067 068 069 070 071 072 073 074 075 076 077 078 079
  /*080-095*/  080 081 082 083 084 085 086 087 088 089 090 091 092 093 094 095
  /*096-111*/  096 065 066 067 068 069 070 071 072 073 074 075 076 077 078 079
  /*112-127*/  080 081 082 083 084 085 086 087 088 089 090 123 124 125 126 127
  /*128-143*/  128 154 069 065 142 065 134 128 069 069 069 073 073 141 142 143
  /*144-159*/  144 145 146 079 153 149 085 085 152 153 154 134 156 141 143 144
  /*160-175*/  173 173 146 149 164 165 166 167 168 169 170 171 172 173 174 175
  /*176-191*/  176 177 178 179 180 181 182 183 184 185 186 187 188 189 190 191
  /*192-207*/  192 193 194 195 196 197 198 199 200 201 202 203 204 205 206 207
  /*208-223*/  208 209 210 211 212 213 164 165 166 217 218 219 220 167 168 223
  /*224-239*/  169 170 172 173 181 182 183 184 189 190 198 199 207 207 208 239
  /*240-255*/  240 241 209 210 211 245 212 247 248 249 213 209 209 152 254 255
ENDTABLE
LOWERCASE-MAP
  /*000-015*/  000 001 002 003 004 005 006 007 008 009 010 011 012 013 014 015
  /*016-031*/  016 017 018 019 020 021 022 023 024 025 026 027 028 029 030 031
  /*032-047*/  032 033 034 035 036 037 038 039 040 041 042 043 044 045 046 047
  /*048-063*/  048 049 050 051 052 053 054 055 056 057 058 059 060 061 062 063
  /*064-079*/  064 097 098 099 100 101 102 103 104 105 106 107 108 109 110 111
  /*080-095*/  112 113 114 115 116 117 118 119 120 121 122 091 092 093 094 095
  /*096-111*/  096 097 098 099 100 101 102 103 104 105 106 107 108 109 110 111
  /*112-127*/  112 113 114 115 116 117 118 119 120 121 122 123 124 125 126 127
  /*128-143*/  135 129 130 131 132 133 155 135 136 137 138 139 140 157 132 158
  /*144-159*/  159 145 162 147 148 163 150 151 253 148 129 155 156 157 158 159
  /*160-175*/  160 161 162 163 214 215 216 221 222 224 225 171 226 227 174 175
  /*176-191*/  176 177 178 179 180 228 229 230 231 185 186 187 188 232 233 191
  /*192-207*/  192 193 194 195 196 197 234 235 200 201 202 203 204 205 206 236
  /*208-223*/  238 242 243 244 246 250 214 215 216 217 218 219 220 221 222 223
  /*224-239*/  224 225 226 227 228 229 230 231 232 233 234 235 236 237 238 239
  /*240-255*/  240 241 242 243 244 245 246 247 248 249 250 251 252 253 254 255
ENDTABLE
ENDCASE


#---------------------------------------------------------------------------
# Collation tables for code page ibm851 and collation Greek
COLLATION
CODEPAGE-NAME IBM851
COLLATION-NAME GREEK
COLLATION-TRANSLATION-VERSION 1.0-16
CASE-INSENSITIVE-SORT
  /*000-015*/  000 001 002 003 004 005 006 007 008 009 010 011 012 013 014 015
  /*016-031*/  016 017 018 019 020 021 022 023 024 025 026 027 028 029 030 031
  /*032-047*/  032 033 034 035 036 037 038 039 040 041 042 043 044 045 046 047
  /*048-063*/  048 049 050 051 052 053 054 055 056 057 058 059 060 061 062 063
  /*064-079*/  064 065 069 073 077 081 085 087 091 097 101 103 107 111 115 121
  /*080-095*/  125 127 131 135 139 143 145 147 153 157 161 165 166 167 168 169
  /*096-111*/  170 065 069 073 077 081 085 087 091 097 101 103 107 111 115 121
  /*112-127*/  125 127 131 135 139 143 145 147 153 157 161 171 172 173 174 175
  /*128-143*/  073 143 081 065 065 065 067 073 081 081 081 097 097 083 065 093
  /*144-159*/  099 176 123 121 121 149 143 143 163 121 143 067 177 083 093 099
  /*160-175*/  099 099 123 149 067 071 075 079 083 089 093 178 095 099 179 180
  /*176-191*/  181 182 183 184 185 105 109 113 117 186 187 188 189 119 123 190
  /*192-207*/  191 192 193 194 195 196 129 133 197 198 199 200 201 202 203 137
  /*208-223*/  141 149 151 155 159 163 067 071 075 204 205 206 207 079 083 208
  /*224-239*/  089 093 095 099 105 109 113 117 119 123 129 133 137 137 141 209
  /*240-255*/  210 211 149 151 155 212 159 213 214 215 163 149 149 163 216 217
ENDTABLE
CASE-SENSITIVE-SORT
  /*000-015*/  000 001 002 003 004 005 006 007 008 009 010 011 012 013 014 015
  /*016-031*/  016 017 018 019 020 021 022 023 024 025 026 027 028 029 030 031
  /*032-047*/  032 033 034 035 036 037 038 039 040 041 042 043 044 045 046 047
  /*048-063*/  048 049 050 051 052 053 054 055 056 057 058 059 060 061 062 063
  /*064-079*/  064 065 069 073 077 081 085 087 091 097 101 103 107 111 115 121
  /*080-095*/  125 127 131 135 139 143 145 147 153 157 161 165 166 167 168 169
  /*096-111*/  170 066 070 074 078 082 086 088 092 098 102 104 108 112 116 122
  /*112-127*/  126 128 132 136 140 144 146 148 154 158 162 171 172 173 174 175
  /*128-143*/  073 144 082 066 066 066 067 074 082 082 082 097 098 083 065 093
  /*144-159*/  099 176 123 122 122 149 144 122 163 121 143 068 177 084 094 100
  /*160-175*/  100 100 124 150 067 071 075 079 083 089 093 178 095 099 179 180
  /*176-191*/  181 182 183 184 185 105 109 113 117 186 187 188 189 119 123 190
  /*192-207*/  191 192 193 194 195 196 129 133 197 198 199 200 201 202 203 137
  /*208-223*/  141 149 151 155 159 163 068 072 076 204 205 206 207 080 084 208
  /*224-239*/  090 094 096 100 106 110 114 118 120 124 130 134 138 138 142 209
  /*240-255*/  210 211 150 152 156 212 160 213 214 215 164 150 150 164 216 217
ENDTABLE
ENDCOLLATION


#---------------------------------------------------------------------------
# This table converts data from code page 1253 to code page ibm851
CONVERT
SOURCE-NAME "1253"
TARGET-NAME "IBM851"
TYPE "1"
  /*000-015*/  000 001 002 003 004 005 006 007 008 009 010 011 012 013 014 015
  /*016-031*/  016 017 018 019 020 021 022 023 024 025 026 027 028 029 030 031
  /*032-047*/  032 033 034 035 036 037 038 039 040 041 042 043 044 045 046 047
  /*048-063*/  048 049 050 051 052 053 054 055 056 057 058 059 060 061 062 063
  /*064-079*/  064 065 066 067 068 069 070 071 072 073 074 075 076 077 078 079
  /*080-095*/  080 081 082 083 084 085 086 087 088 089 090 091 092 093 094 095
  /*096-111*/  096 097 098 099 100 101 102 103 104 105 106 107 108 109 110 111
  /*112-127*/  112 113 114 115 116 117 118 119 120 121 122 123 124 125 126 127
  /*128-143*/  128 129 130 131 132 133 135 136 137 138 139 140 142 145 147 148
  /*144-159*/  150 151 153 154 176 248 240 177 178 179 180 185 186 187 188 191
  /*160-175*/  192 193 134 156 194 195 196 245 249 197 200 174 201 202 203 204
  /*176-191*/  205 241 206 217 239 218 219 220 141 143 144 175 146 171 149 152
  /*192-207*/  161 164 165 166 167 168 169 170 172 173 181 182 183 184 189 190
  /*208-223*/  198 199 223 207 208 209 210 211 212 213 247 254 155 157 158 159
  /*224-239*/  252 214 215 216 221 222 224 225 226 227 228 229 230 231 232 233
  /*240-255*/  234 235 237 236 238 242 243 244 246 250 160 251 162 163 253 255
ENDTABLE
ENDCONVERT


