
#---------------------------------------------------------------------------
# This table contains the attributes for code page iso8859-8. This code page
# is currently the same as the Microsoft Windows code page 1255.
CODEPAGE
CODEPAGE-NAME "ISO8859-8"
TYPE "1"
ISALPHA
  /*000-015*/  000 000 000 000 000 000 000 000 000 000 000 000 000 000 000 000
  /*016-031*/  000 000 000 000 000 000 000 000 000 000 000 000 000 000 000 000
  /*032-047*/  000 000 000 000 000 000 000 000 000 000 000 000 000 000 000 000
  /*048-063*/  000 000 000 000 000 000 000 000 000 000 000 000 000 000 000 000
  /*064-079*/  000 001 001 001 001 001 001 001 001 001 001 001 001 001 001 001
  /*080-095*/  001 001 001 001 001 001 001 001 001 001 001 000 000 000 000 000
  /*096-111*/  000 001 001 001 001 001 001 001 001 001 001 001 001 001 001 001
  /*112-127*/  001 001 001 001 001 001 001 001 001 001 001 000 000 000 000 000
  /*128-143*/  000 000 000 000 000 000 000 000 000 000 000 000 000 000 000 000
  /*144-159*/  000 000 000 000 000 000 000 000 000 000 000 000 000 000 000 000
  /*160-175*/  000 000 000 000 000 000 000 000 000 000 000 000 000 000 000 000
  /*176-191*/  000 000 000 000 000 000 000 000 000 000 000 000 000 000 000 000
  /*192-207*/  000 000 000 000 000 000 000 000 000 000 000 000 000 000 000 000
  /*208-223*/  000 000 000 000 000 000 000 000 000 000 000 000 000 000 000 000
  /*224-239*/  001 001 001 001 001 001 001 001 001 001 001 001 001 001 001 001
  /*240-255*/  001 001 001 001 001 001 001 001 001 001 001 000 000 000 000 000
ENDTABLE
ENDCODEPAGE


#---------------------------------------------------------------------------
# This table contains the attribute information for code page ibm862
CODEPAGE
CODEPAGE-NAME "IBM862"
TYPE "1"
ISALPHA
  /*000-015*/  000 000 000 000 000 000 000 000 000 000 000 000 000 000 000 000
  /*016-031*/  000 000 000 000 000 000 000 000 000 000 000 000 000 000 000 000
  /*032-047*/  000 000 000 000 000 000 000 000 000 000 000 000 000 000 000 000
  /*048-063*/  000 000 000 000 000 000 000 000 000 000 000 000 000 000 000 000
  /*064-079*/  000 001 001 001 001 001 001 001 001 001 001 001 001 001 001 001
  /*080-095*/  001 001 001 001 001 001 001 001 001 001 001 000 000 000 000 000
  /*096-111*/  000 001 001 001 001 001 001 001 001 001 001 001 001 001 001 001
  /*112-127*/  001 001 001 001 001 001 001 001 001 001 001 000 000 000 000 000
  /*128-143*/  001 001 001 001 001 001 001 001 001 001 001 001 001 001 001 001
  /*144-159*/  001 001 001 001 001 001 001 001 001 001 001 000 000 000 000 000
  /*160-175*/  001 001 001 001 001 001 000 000 000 000 000 000 000 000 000 000
  /*176-191*/  000 000 000 000 000 000 000 000 000 000 000 000 000 000 000 000
  /*192-207*/  000 000 000 000 000 000 000 000 000 000 000 000 000 000 000 000
  /*208-223*/  000 000 000 000 000 000 000 000 000 000 000 000 000 000 000 000
  /*224-239*/  001 001 001 001 001 001 001 001 001 001 001 001 000 001 000 000
  /*240-255*/  000 000 000 000 000 000 000 000 000 000 000 000 000 000 000 000
ENDTABLE
ENDCODEPAGE


#---------------------------------------------------------------------------
# This table contains the basic case information for code page iso8859-8
CASE
CODEPAGE-NAME ISO8859-8
CASETABLE-NAME BASIC
TYPE 1
UPPERCASE-MAP
  /*000-015*/  000 001 002 003 004 005 006 007 008 009 010 011 012 013 014 015
  /*016-031*/  016 017 018 019 020 021 022 023 024 025 026 027 028 029 030 031
  /*032-047*/  032 033 034 035 036 037 038 039 040 041 042 043 044 045 046 047
  /*048-063*/  048 049 050 051 052 053 054 055 056 057 058 059 060 061 062 063
  /*064-079*/  064 065 066 067 068 069 070 071 072 073 074 075 076 077 078 079
  /*080-095*/  080 081 082 083 084 085 086 087 088 089 090 091 092 093 094 095
  /*096-111*/  096 065 066 067 068 069 070 071 072 073 074 075 076 077 078 079
  /*112-127*/  080 081 082 083 084 085 086 087 088 089 090 123 124 125 126 127
  /*128-143*/  128 129 130 131 132 133 134 135 136 137 138 139 140 141 142 143
  /*144-159*/  144 145 146 147 148 149 150 151 152 153 154 155 156 157 158 159
  /*160-175*/  160 161 162 163 164 165 166 167 168 169 170 171 172 173 174 175
  /*176-191*/  176 177 178 179 180 181 182 183 184 185 186 187 188 189 190 191
  /*192-207*/  192 193 194 195 196 197 198 199 200 201 202 203 204 205 206 207
  /*208-223*/  208 209 210 211 212 213 214 215 216 217 218 219 220 221 222 223
  /*224-239*/  224 225 226 227 228 229 230 231 232 233 234 235 236 237 238 239
  /*240-255*/  240 241 242 243 244 245 246 247 248 249 250 251 252 253 254 255
ENDTABLE
LOWERCASE-MAP
  /*000-015*/  000 001 002 003 004 005 006 007 008 009 010 011 012 013 014 015
  /*016-031*/  016 017 018 019 020 021 022 023 024 025 026 027 028 029 030 031
  /*032-047*/  032 033 034 035 036 037 038 039 040 041 042 043 044 045 046 047
  /*048-063*/  048 049 050 051 052 053 054 055 056 057 058 059 060 061 062 063
  /*064-079*/  064 097 098 099 100 101 102 103 104 105 106 107 108 109 110 111
  /*080-095*/  112 113 114 115 116 117 118 119 120 121 122 091 092 093 094 095
  /*096-111*/  096 097 098 099 100 101 102 103 104 105 106 107 108 109 110 111
  /*112-127*/  112 113 114 115 116 117 118 119 120 121 122 123 124 125 126 127
  /*128-143*/  128 129 130 131 132 133 134 135 136 137 138 139 140 141 142 143
  /*144-159*/  144 145 146 147 148 149 150 151 152 153 154 155 156 157 158 159
  /*160-175*/  160 161 162 163 164 165 166 167 168 169 170 171 172 173 174 175
  /*176-191*/  176 177 178 179 180 181 182 183 184 185 186 187 188 189 190 191
  /*192-207*/  192 193 194 195 196 197 198 199 200 201 202 203 204 205 206 207
  /*208-223*/  208 209 210 211 212 213 214 215 216 217 218 219 220 221 222 223
  /*224-239*/  224 225 226 227 228 229 230 231 232 233 234 235 236 237 238 239
  /*240-255*/  240 241 242 243 244 245 246 247 248 249 250 251 252 253 254 255
ENDTABLE
ENDCASE


#---------------------------------------------------------------------------
# This table contains the basic case information for code page ibm862
CASE
CODEPAGE-NAME IBM862
CASETABLE-NAME BASIC
TYPE 1
UPPERCASE-MAP
  /*000-015*/  000 001 002 003 004 005 006 007 008 009 010 011 012 013 014 015
  /*016-031*/  016 017 018 019 020 021 022 023 024 025 026 027 028 029 030 031
  /*032-047*/  032 033 034 035 036 037 038 039 040 041 042 043 044 045 046 047
  /*048-063*/  048 049 050 051 052 053 054 055 056 057 058 059 060 061 062 063
  /*064-079*/  064 065 066 067 068 069 070 071 072 073 074 075 076 077 078 079
  /*080-095*/  080 081 082 083 084 085 086 087 088 089 090 091 092 093 094 095
  /*096-111*/  096 065 066 067 068 069 070 071 072 073 074 075 076 077 078 079
  /*112-127*/  080 081 082 083 084 085 086 087 088 089 090 123 124 125 126 127
  /*128-143*/  128 129 130 131 132 133 134 135 136 137 138 139 140 141 142 143
  /*144-159*/  144 145 146 147 148 149 150 151 152 153 154 155 156 157 158 159
  /*160-175*/  160 161 162 163 164 165 166 167 168 169 170 171 172 173 174 175
  /*176-191*/  176 177 178 179 180 181 182 183 184 185 186 187 188 189 190 191
  /*192-207*/  192 193 194 195 196 197 198 199 200 201 202 203 204 205 206 207
  /*208-223*/  208 209 210 211 212 213 214 215 216 217 218 219 220 221 222 223
  /*224-239*/  224 225 226 227 228 229 230 231 232 233 234 235 236 237 238 239
  /*240-255*/  240 241 242 243 244 245 246 247 248 249 250 251 252 253 254 255
ENDTABLE
LOWERCASE-MAP
  /*000-015*/  000 001 002 003 004 005 006 007 008 009 010 011 012 013 014 015
  /*016-031*/  016 017 018 019 020 021 022 023 024 025 026 027 028 029 030 031
  /*032-047*/  032 033 034 035 036 037 038 039 040 041 042 043 044 045 046 047
  /*048-063*/  048 049 050 051 052 053 054 055 056 057 058 059 060 061 062 063
  /*064-079*/  064 097 098 099 100 101 102 103 104 105 106 107 108 109 110 111
  /*080-095*/  112 113 114 115 116 117 118 119 120 121 122 091 092 093 094 095
  /*096-111*/  096 097 098 099 100 101 102 103 104 105 106 107 108 109 110 111
  /*112-127*/  112 113 114 115 116 117 118 119 120 121 122 123 124 125 126 127
  /*128-143*/  128 129 130 131 132 133 134 135 136 137 138 139 140 141 142 143
  /*144-159*/  144 145 146 147 148 149 150 151 152 153 154 155 156 157 158 159
  /*160-175*/  160 161 162 163 164 165 166 167 168 169 170 171 172 173 174 175
  /*176-191*/  176 177 178 179 180 181 182 183 184 185 186 187 188 189 190 191
  /*192-207*/  192 193 194 195 196 197 198 199 200 201 202 203 204 205 206 207
  /*208-223*/  208 209 210 211 212 213 214 215 216 217 218 219 220 221 222 223
  /*224-239*/  224 225 226 227 228 229 230 231 232 233 234 235 236 237 238 239
  /*240-255*/  240 241 242 243 244 245 246 247 248 249 250 251 252 253 254 255
ENDTABLE
ENDCASE


#---------------------------------------------------------------------------
# Collation tables for code page ibm862 and collation Basic
COLLATION
CODEPAGE-NAME IBM862
COLLATION-NAME HEBREW
COLLATION-TRANSLATION-VERSION 1.0-16
CASE-INSENSITIVE-SORT
  /*000-015*/  000 001 002 003 004 005 006 007 008 009 010 011 012 013 014 015
  /*016-031*/  016 017 018 019 020 021 022 023 024 025 026 027 028 029 030 031
  /*032-047*/  032 033 034 035 036 037 038 039 040 041 042 043 044 045 046 047
  /*048-063*/  048 049 050 051 052 053 054 055 056 057 058 059 060 061 062 063
  /*064-079*/  064 092 094 096 098 100 102 104 106 108 110 112 114 116 118 120
  /*080-095*/  122 124 126 128 130 132 134 136 138 140 142 144 145 146 147 148
  /*096-111*/  149 092 094 096 098 100 102 104 106 108 110 112 114 116 118 120
  /*112-127*/  122 124 126 128 130 132 134 136 138 140 142 150 151 152 153 154
  /*128-143*/  065 066 067 068 069 070 071 072 073 074 075 076 077 078 079 080
  /*144-159*/  081 082 083 084 085 086 087 088 089 090 091 155 156 157 158 159
  /*160-175*/  160 161 162 163 164 165 166 167 168 169 170 171 172 173 174 175
  /*176-191*/  176 177 178 179 180 181 182 183 184 185 186 187 188 189 190 191
  /*192-207*/  192 193 194 195 196 197 198 199 200 201 202 203 204 205 206 207
  /*208-223*/  208 209 210 211 212 213 214 215 216 217 218 219 220 221 222 223
  /*224-239*/  224 225 226 227 228 229 230 231 232 233 234 235 236 237 238 239
  /*240-255*/  240 241 242 243 244 245 246 247 248 249 250 251 252 253 254 255
ENDTABLE
CASE-SENSITIVE-SORT
  /*000-015*/  000 001 002 003 004 005 006 007 008 009 010 011 012 013 014 015
  /*016-031*/  016 017 018 019 020 021 022 023 024 025 026 027 028 029 030 031
  /*032-047*/  032 033 034 035 036 037 038 039 040 041 042 043 044 045 046 047
  /*048-063*/  048 049 050 051 052 053 054 055 056 057 058 059 060 061 062 063
  /*064-079*/  064 092 094 096 098 100 102 104 106 108 110 112 114 116 118 120
  /*080-095*/  122 124 126 128 130 132 134 136 138 140 142 144 145 146 147 148
  /*096-111*/  149 093 095 097 099 101 103 105 107 109 111 113 115 117 119 121
  /*112-127*/  123 125 127 129 131 133 135 137 139 141 143 150 151 152 153 154
  /*128-143*/  065 066 067 068 069 070 071 072 073 074 075 076 077 078 079 080
  /*144-159*/  081 082 083 084 085 086 087 088 089 090 091 155 156 157 158 159
  /*160-175*/  160 161 162 163 164 165 166 167 168 169 170 171 172 173 174 175
  /*176-191*/  176 177 178 179 180 181 182 183 184 185 186 187 188 189 190 191
  /*192-207*/  192 193 194 195 196 197 198 199 200 201 202 203 204 205 206 207
  /*208-223*/  208 209 210 211 212 213 214 215 216 217 218 219 220 221 222 223
  /*224-239*/  224 225 226 227 228 229 230 231 232 233 234 235 236 237 238 239
  /*240-255*/  240 241 242 243 244 245 246 247 248 249 250 251 252 253 254 255
ENDTABLE
ENDCOLLATION


#---------------------------------------------------------------------------
# Collation tables for code page iso8859-8 and collation Hebrew
COLLATION
CODEPAGE-NAME ISO8859-8
COLLATION-NAME HEBREW
COLLATION-TRANSLATION-VERSION 1.0-16
CASE-INSENSITIVE-SORT
  /*000-015*/  000 001 002 003 004 005 006 007 008 009 010 011 012 013 014 015
  /*016-031*/  016 017 018 019 020 021 022 023 024 025 026 027 028 029 030 031
  /*032-047*/  032 033 034 035 036 037 038 039 040 041 042 043 044 045 046 047
  /*048-063*/  048 049 050 051 052 053 054 055 056 057 058 059 060 061 062 063
  /*064-079*/  064 092 094 096 098 100 102 104 106 108 110 112 114 116 118 120
  /*080-095*/  122 124 126 128 130 132 134 136 138 140 142 144 145 146 147 148
  /*096-111*/  149 092 094 096 098 100 102 104 106 108 110 112 114 116 118 120
  /*112-127*/  122 124 126 128 130 132 134 136 138 140 142 150 151 152 153 154
  /*128-143*/  155 156 157 158 159 160 161 162 163 164 165 166 167 168 169 170
  /*144-159*/  171 172 173 174 175 176 177 178 179 180 181 182 183 184 185 186
  /*160-175*/  187 188 189 190 191 192 193 194 195 196 197 198 199 200 201 202
  /*176-191*/  203 204 205 206 207 208 209 210 211 212 213 214 215 216 217 218
  /*192-207*/  219 220 221 222 223 224 225 226 227 228 229 230 231 232 233 234
  /*208-223*/  235 236 237 238 239 240 241 242 243 244 245 246 247 248 249 250
  /*224-239*/  065 066 067 068 069 070 071 072 073 074 075 076 077 078 079 080
  /*240-255*/  081 082 083 084 085 086 087 088 089 090 091 251 252 253 254 255
ENDTABLE
CASE-SENSITIVE-SORT
  /*000-015*/  000 001 002 003 004 005 006 007 008 009 010 011 012 013 014 015
  /*016-031*/  016 017 018 019 020 021 022 023 024 025 026 027 028 029 030 031
  /*032-047*/  032 033 034 035 036 037 038 039 040 041 042 043 044 045 046 047
  /*048-063*/  048 049 050 051 052 053 054 055 056 057 058 059 060 061 062 063
  /*064-079*/  064 092 094 096 098 100 102 104 106 108 110 112 114 116 118 120
  /*080-095*/  122 124 126 128 130 132 134 136 138 140 142 144 145 146 147 148
  /*096-111*/  149 093 095 097 099 101 103 105 107 109 111 113 115 117 119 121
  /*112-127*/  123 125 127 129 131 133 135 137 139 141 143 150 151 152 153 154
  /*128-143*/  155 156 157 158 159 160 161 162 163 164 165 166 167 168 169 170
  /*144-159*/  171 172 173 174 175 176 177 178 179 180 181 182 183 184 185 186
  /*160-175*/  187 188 189 190 191 192 193 194 195 196 197 198 199 200 201 202
  /*176-191*/  203 204 205 206 207 208 209 210 211 212 213 214 215 216 217 218
  /*192-207*/  219 220 221 222 223 224 225 226 227 228 229 230 231 232 233 234
  /*208-223*/  235 236 237 238 239 240 241 242 243 244 245 246 247 248 249 250
  /*224-239*/  065 066 067 068 069 070 071 072 073 074 075 076 077 078 079 080
  /*240-255*/  081 082 083 084 085 086 087 088 089 090 091 251 252 253 254 255
ENDTABLE
ENDCOLLATION


#---------------------------------------------------------------------------
# This table converts data from code page ibm862 to code page iso8859-8
CONVERT
SOURCE-NAME "IBM862"
TARGET-NAME "ISO8859-8"
TYPE "1"
  /*000-015*/  000 001 002 003 004 005 006 007 008 009 010 011 012 013 014 015
  /*016-031*/  016 017 018 019 020 021 022 023 024 025 026 027 028 029 030 031
  /*032-047*/  032 033 034 035 036 037 038 039 040 041 042 043 044 045 046 047
  /*048-063*/  048 049 050 051 052 053 054 055 056 057 058 059 060 061 062 063
  /*064-079*/  064 065 066 067 068 069 070 071 072 073 074 075 076 077 078 079
  /*080-095*/  080 081 082 083 084 085 086 087 088 089 090 091 092 093 094 095
  /*096-111*/  096 097 098 099 100 101 102 103 104 105 106 107 108 109 110 111
  /*112-127*/  112 113 114 115 116 117 118 119 120 121 122 123 124 125 126 127
  /*128-143*/  224 225 226 227 228 229 230 231 232 233 234 235 236 237 238 239
  /*144-159*/  240 241 242 243 244 245 246 247 248 249 250 130 131 133 128 129
  /*160-175*/  132 134 135 136 137 138 140 144 141 142 143 157 156 146 139 155
  /*176-191*/  147 148 149 150 151 152 153 158 159 160 161 162 163 164 165 166
  /*192-207*/  167 168 169 170 171 172 173 174 175 176 177 178 179 180 181 182
  /*208-223*/  183 184 185 186 187 188 189 190 191 192 193 194 195 196 197 198
  /*224-239*/  199 200 201 202 203 204 205 206 207 208 209 210 211 212 213 214
  /*240-255*/  215 145 216 217 218 219 154 220 221 222 223 251 252 253 254 255
ENDTABLE
ENDCONVERT


