# IBM 858 is identical to IBM 850, except codepoint 213 (0xD5) lowercase turkish
# dotless i is replaced with the Euro

# convert between IBM 858 and IBM 850 as one to one.
CONVERT
SOURCE-NAME "IBM858"
TARGET-NAME "IBM850"
TYPE "1"
  /*000-015*/  000 001 002 003 004 005 006 007 008 009 010 011 012 013 014 015
  /*016-031*/  016 017 018 019 020 021 022 023 024 025 026 027 028 029 030 031
  /*032-047*/  032 033 034 035 036 037 038 039 040 041 042 043 044 045 046 047
  /*048-063*/  048 049 050 051 052 053 054 055 056 057 058 059 060 061 062 063
  /*064-079*/  064 065 066 067 068 069 070 071 072 073 074 075 076 077 078 079
  /*080-095*/  080 081 082 083 084 085 086 087 088 089 090 091 092 093 094 095
  /*096-111*/  096 097 098 099 100 101 102 103 104 105 106 107 108 109 110 111
  /*112-127*/  112 113 114 115 116 117 118 119 120 121 122 123 124 125 126 127
  /*128-143*/  128 129 130 131 132 133 134 135 136 137 138 139 140 141 142 143
  /*144-159*/  144 145 146 147 148 149 150 151 152 153 154 155 156 157 158 159
  /*160-175*/  160 161 162 163 164 165 166 167 168 169 170 171 172 173 174 175
  /*176-191*/  176 177 178 179 180 181 182 183 184 185 186 187 188 189 190 191
  /*192-207*/  192 193 194 195 196 197 198 199 200 201 202 203 204 205 206 207
  /*208-223*/  208 209 210 211 212 213 214 215 216 217 218 219 220 221 222 223
  /*224-239*/  224 225 226 227 228 229 230 231 232 233 234 235 236 237 238 239
  /*240-255*/  240 241 242 243 244 245 246 247 248 249 250 251 252 253 254 255
ENDTABLE
ENDCONVERT

#---------------------------------------------------------------------------
# This table contains the attributes for code page IBM 858
CODEPAGE
CODEPAGE-NAME "IBM858"
TYPE "1"
ISALPHA
  /*000-015*/  000 000 000 000 000 000 000 000 000 000 000 000 000 000 000 000
  /*016-031*/  000 000 000 000 000 000 000 000 000 000 000 000 000 000 000 000
  /*032-047*/  000 000 000 000 000 000 000 000 000 000 000 000 000 000 000 000
  /*048-063*/  000 000 000 000 000 000 000 000 000 000 000 000 000 000 000 000
  /*064-079*/  000 001 001 001 001 001 001 001 001 001 001 001 001 001 001 001
  /*080-095*/  001 001 001 001 001 001 001 001 001 001 001 000 000 000 000 000
  /*096-111*/  000 001 001 001 001 001 001 001 001 001 001 001 001 001 001 001
  /*112-127*/  001 001 001 001 001 001 001 001 001 001 001 000 000 000 000 000
  /*128-143*/  001 001 001 001 001 001 001 001 001 001 001 001 001 001 001 001
  /*144-159*/  001 001 001 001 001 001 001 001 001 001 001 001 000 001 000 000
  /*160-175*/  001 001 001 001 001 001 000 000 000 000 000 000 000 000 000 000
  /*176-191*/  000 000 000 000 000 001 001 001 000 000 000 000 000 000 000 000
  /*192-207*/  000 000 000 000 000 000 001 001 000 000 000 000 000 000 000 000
  /*208-223*/  001 001 001 001 001 000 001 001 001 000 000 000 000 000 001 000
  /*224-239*/  001 001 001 001 001 001 000 001 001 001 001 001 001 001 000 000
  /*240-255*/  000 000 000 000 000 000 000 000 000 000 000 000 000 000 000 000
ENDTABLE
ENDCODEPAGE

#---------------------------------------------------------------------------
# Case tables for code page IBM 858 and  case table basic
CASE
CODEPAGE-NAME IBM858
CASETABLE-NAME BASIC
TYPE 1
UPPERCASE-MAP
  /*000-015*/  000 001 002 003 004 005 006 007 008 009 010 011 012 013 014 015
  /*016-031*/  016 017 018 019 020 021 022 023 024 025 026 027 028 029 030 031
  /*032-047*/  032 033 034 035 036 037 038 039 040 041 042 043 044 045 046 047
  /*048-063*/  048 049 050 051 052 053 054 055 056 057 058 059 060 061 062 063
  /*064-079*/  064 065 066 067 068 069 070 071 072 073 074 075 076 077 078 079
  /*080-095*/  080 081 082 083 084 085 086 087 088 089 090 091 092 093 094 095
  /*096-111*/  096 065 066 067 068 069 070 071 072 073 074 075 076 077 078 079
  /*112-127*/  080 081 082 083 084 085 086 087 088 089 090 123 124 125 126 127
  /*128-143*/  128 154 144 182 142 183 143 128 210 211 212 216 215 222 142 143
  /*144-159*/  144 146 146 226 153 227 234 235 089 153 154 157 156 157 158 159
  /*160-175*/  181 214 224 233 165 165 166 167 168 169 170 171 172 173 174 175
  /*176-191*/  176 177 178 179 180 181 182 183 184 185 186 187 188 189 190 191
  /*192-207*/  192 193 194 195 196 197 199 199 200 201 202 203 204 205 206 207
  /*208-223*/  209 209 210 211 212 213 214 215 216 217 218 219 220 221 222 223
  /*224-239*/  224 225 226 227 229 229 230 232 232 233 234 235 237 237 238 239
  /*240-255*/  240 241 242 243 244 245 246 247 248 249 250 251 252 253 254 255
ENDTABLE
LOWERCASE-MAP
  /*000-015*/  000 001 002 003 004 005 006 007 008 009 010 011 012 013 014 015
  /*016-031*/  016 017 018 019 020 021 022 023 024 025 026 027 028 029 030 031
  /*032-047*/  032 033 034 035 036 037 038 039 040 041 042 043 044 045 046 047
  /*048-063*/  048 049 050 051 052 053 054 055 056 057 058 059 060 061 062 063
  /*064-079*/  064 097 098 099 100 101 102 103 104 105 106 107 108 109 110 111
  /*080-095*/  112 113 114 115 116 117 118 119 120 121 122 091 092 093 094 095
  /*096-111*/  096 097 098 099 100 101 102 103 104 105 106 107 108 109 110 111
  /*112-127*/  112 113 114 115 116 117 118 119 120 121 122 123 124 125 126 127
  /*128-143*/  135 129 130 131 132 133 134 135 136 137 138 139 140 141 132 134
  /*144-159*/  130 145 145 147 148 149 150 151 152 148 129 155 156 155 158 159
  /*160-175*/  160 161 162 163 164 164 166 167 168 169 170 171 172 173 174 175
  /*176-191*/  176 177 178 179 180 160 131 133 184 185 186 187 188 189 190 191
  /*192-207*/  192 193 194 195 196 197 198 198 200 201 202 203 204 205 206 207
  /*208-223*/  208 208 136 137 138 213 161 140 139 217 218 219 220 221 141 223
  /*224-239*/  162 225 147 149 228 228 230 231 231 163 150 151 236 236 238 239
  /*240-255*/  240 241 242 243 244 245 246 247 248 249 250 251 252 253 254 255
ENDTABLE
ENDCASE


#---------------------------------------------------------------------------
# Case tables for code page IBM 858 and  case table French
CASE
CODEPAGE-NAME IBM858
CASETABLE-NAME FRENCH
TYPE 1
UPPERCASE-MAP
  /*000-015*/  000 001 002 003 004 005 006 007 008 009 010 011 012 013 014 015
  /*016-031*/  016 017 018 019 020 021 022 023 024 025 026 027 028 029 030 031
  /*032-047*/  032 033 034 035 036 037 038 039 040 041 042 043 044 045 046 047
  /*048-063*/  048 049 050 051 052 053 054 055 056 057 058 059 060 061 062 063
  /*064-079*/  064 065 066 067 068 069 070 071 072 073 074 075 076 077 078 079
  /*080-095*/  080 081 082 083 084 085 086 087 088 089 090 091 092 093 094 095
  /*096-111*/  096 065 066 067 068 069 070 071 072 073 074 075 076 077 078 079
  /*112-127*/  080 081 082 083 084 085 086 087 088 089 090 123 124 125 126 127
  /*128-143*/  128 154 069 065 142 065 143 067 210 211 069 073 073 222 142 143
  /*144-159*/  144 146 146 079 153 227 085 235 089 153 154 157 156 157 158 159
  /*160-175*/  181 214 224 233 165 165 166 167 168 169 170 171 172 173 174 175
  /*176-191*/  176 177 178 179 180 181 182 183 184 185 186 187 188 189 190 191
  /*192-207*/  192 193 194 195 196 197 199 199 200 201 202 203 204 205 206 207
  /*208-223*/  209 209 210 211 212 213 214 215 216 217 218 219 220 221 222 223
  /*224-239*/  224 225 226 227 229 229 230 232 232 233 234 235 237 237 238 239
  /*240-255*/  240 241 242 243 244 245 246 247 248 249 250 251 252 253 254 255
ENDTABLE
LOWERCASE-MAP
  /*000-015*/  000 001 002 003 004 005 006 007 008 009 010 011 012 013 014 015
  /*016-031*/  016 017 018 019 020 021 022 023 024 025 026 027 028 029 030 031
  /*032-047*/  032 033 034 035 036 037 038 039 040 041 042 043 044 045 046 047
  /*048-063*/  048 049 050 051 052 053 054 055 056 057 058 059 060 061 062 063
  /*064-079*/  064 097 098 099 100 101 102 103 104 105 106 107 108 109 110 111
  /*080-095*/  112 113 114 115 116 117 118 119 120 121 122 091 092 093 094 095
  /*096-111*/  096 097 098 099 100 101 102 103 104 105 106 107 108 109 110 111
  /*112-127*/  112 113 114 115 116 117 118 119 120 121 122 123 124 125 126 127
  /*128-143*/  135 129 130 131 132 133 134 135 136 137 138 139 140 141 132 134
  /*144-159*/  130 145 145 147 148 149 150 151 152 148 129 155 156 155 158 159
  /*160-175*/  160 161 162 163 164 164 166 167 168 169 170 171 172 173 174 175
  /*176-191*/  176 177 178 179 180 160 131 133 184 185 186 187 188 189 190 191
  /*192-207*/  192 193 194 195 196 197 198 198 200 201 202 203 204 205 206 207
  /*208-223*/  208 208 136 137 138 213 161 140 139 217 218 219 220 221 141 223
  /*224-239*/  162 225 147 149 228 228 230 231 231 163 150 151 236 236 238 239
  /*240-255*/  240 241 242 243 244 245 246 247 248 249 250 251 252 253 254 255
ENDTABLE
ENDCASE

#---------------------------------------------------------------------------
# Collation tables for code page IBM 858 and collation Basic
COLLATION
CODEPAGE-NAME IBM858
COLLATION-NAME BASIC
COLLATION-TRANSLATION-VERSION 1.0-16
CASE-INSENSITIVE-SORT
  /*000-015*/  000 001 002 003 004 005 006 007 008 009 010 011 012 013 014 015
  /*016-031*/  016 017 018 019 020 021 022 023 024 025 026 027 028 029 030 031
  /*032-047*/  032 033 034 035 036 037 038 039 040 041 042 043 044 045 046 047
  /*048-063*/  048 049 050 051 052 053 054 055 056 057 058 059 060 061 062 063
  /*064-079*/  064 065 066 067 068 069 070 071 072 073 074 075 076 077 078 079
  /*080-095*/  080 081 082 083 084 085 086 087 088 089 090 091 092 093 094 095
  /*096-111*/  096 065 066 067 068 069 070 071 072 073 074 075 076 077 078 079
  /*112-127*/  080 081 082 083 084 085 086 087 088 089 090 123 124 125 126 127
  /*128-143*/  067 085 069 065 065 065 143 067 069 069 069 073 073 073 065 143
  /*144-159*/  069 146 146 079 079 079 085 085 089 079 085 157 156 157 158 159
  /*160-175*/  065 073 079 085 078 078 166 167 168 169 199 171 172 173 174 175
  /*176-191*/  176 177 178 179 180 065 065 065 184 185 186 187 188 189 190 191
  /*192-207*/  192 193 194 195 196 197 065 065 200 201 202 203 204 205 206 207
  /*208-223*/  068 068 069 069 069 213 073 073 073 217 218 219 220 221 073 223
  /*224-239*/  079 000 079 079 079 079 230 232 232 085 085 085 089 089 238 239
  /*240-255*/  240 241 242 243 244 245 246 247 248 249 250 251 252 253 254 255
ENDTABLE
CASE-SENSITIVE-SORT
  /*000-015*/  000 001 002 003 004 005 006 007 008 009 010 011 012 013 014 015
  /*016-031*/  016 017 018 019 020 021 022 023 024 025 026 027 028 029 030 031
  /*032-047*/  032 033 034 035 036 037 038 039 040 041 042 043 044 045 046 047
  /*048-063*/  048 049 050 051 052 053 054 055 056 057 058 059 060 061 062 063
  /*064-079*/  064 065 066 067 068 069 070 071 072 073 074 075 076 077 078 079
  /*080-095*/  080 081 082 083 084 085 086 087 088 089 090 091 092 093 094 095
  /*096-111*/  096 097 098 099 100 101 102 103 104 105 106 107 108 109 110 111
  /*112-127*/  112 113 114 115 116 117 118 119 120 121 122 123 124 125 126 127
  /*128-143*/  067 117 101 097 097 097 134 099 101 101 101 105 105 105 065 143
  /*144-159*/  069 145 146 111 111 111 117 117 121 079 085 155 156 157 158 159
  /*160-175*/  097 105 111 117 110 078 166 167 168 169 199 171 172 173 174 175
  /*176-191*/  176 177 178 179 180 065 065 065 184 185 186 187 188 189 190 191
  /*192-207*/  192 193 194 195 196 197 097 065 200 201 202 203 204 205 206 207
  /*208-223*/  208 209 069 069 069 213 073 073 073 217 218 219 220 221 073 223
  /*224-239*/  079 000 079 079 111 079 230 231 232 085 085 085 121 089 238 239
  /*240-255*/  240 241 242 243 244 245 246 247 248 249 250 251 252 253 254 255
ENDTABLE
ENDCOLLATION

#---------------------------------------------------------------------------
# Collation tables for code page IBM 858 and collation Danish
COLLATION
CODEPAGE-NAME IBM858
COLLATION-NAME DANISH
COLLATION-TRANSLATION-VERSION 1.0-16
CASE-INSENSITIVE-SORT
  /*000-015*/  000 001 002 003 004 005 006 007 008 009 010 011 012 013 014 015
  /*016-031*/  016 017 018 019 020 021 022 023 024 025 026 027 028 029 030 031
  /*032-047*/  032 033 034 035 036 037 038 039 040 041 042 043 044 045 046 047
  /*048-063*/  048 049 050 051 052 053 054 055 056 057 058 059 060 061 062 063
  /*064-079*/  064 065 067 069 071 073 075 077 079 081 083 085 087 089 091 093
  /*080-095*/  095 097 099 101 103 105 107 109 111 113 115 123 124 125 126 127
  /*096-111*/  128 065 067 069 071 073 075 077 079 081 083 085 087 089 091 093
  /*112-127*/  095 097 099 101 103 105 107 109 111 113 115 129 130 131 132 133
  /*128-143*/  069 113 073 065 117 065 121 069 073 073 073 081 081 081 117 121
  /*144-159*/  073 117 117 093 119 093 105 105 113 119 113 119 134 119 135 136
  /*160-175*/  065 081 093 184 091 091 137 138 139 140 141 142 143 144 145 146
  /*176-191*/  147 148 149 150 151 065 065 065 152 153 154 155 156 157 158 159
  /*192-207*/  160 161 162 163 164 165 065 065 166 167 168 169 170 171 172 173
  /*208-223*/  071 071 073 073 073 174 081 081 081 175 176 177 178 179 081 180
  /*224-239*/  093 000 093 093 093 093 181 182 182 184 105 105 113 113 186 187
  /*240-255*/  188 189 190 191 192 193 194 195 196 197 198 199 200 201 202 203
ENDTABLE
CASE-SENSITIVE-SORT
  /*000-015*/  000 001 002 003 004 005 006 007 008 009 010 011 012 013 014 015
  /*016-031*/  016 017 018 019 020 021 022 023 024 025 026 027 028 029 030 031
  /*032-047*/  032 033 034 035 036 037 038 039 040 041 042 043 044 045 046 047
  /*048-063*/  048 049 050 051 052 053 054 055 056 057 058 059 060 061 062 063
  /*064-079*/  064 065 067 069 071 073 075 077 079 081 083 085 087 089 091 093
  /*080-095*/  095 097 099 101 103 105 107 109 111 113 115 123 124 125 126 127
  /*096-111*/  128 066 068 070 072 074 076 078 080 082 084 086 088 090 092 094
  /*112-127*/  096 098 100 102 104 106 108 110 112 114 116 129 130 131 132 133
  /*128-143*/  069 114 074 066 118 066 122 070 074 074 074 082 082 082 117 121
  /*144-159*/  073 118 117 094 120 094 106 106 204 119 113 120 134 119 135 136
  /*160-175*/  066 082 094 185 092 091 137 138 139 140 141 142 143 144 145 146
  /*176-191*/  147 148 149 150 151 065 065 065 152 153 154 155 156 157 158 159
  /*192-207*/  160 161 162 163 164 165 066 065 166 167 168 169 170 171 172 173
  /*208-223*/  072 071 073 073 073 174 081 081 081 175 176 177 178 179 081 180
  /*224-239*/  093 000 093 093 094 093 181 183 182 184 105 105 114 113 186 187
  /*240-255*/  188 189 190 191 192 193 194 195 196 197 198 199 200 201 202 203
ENDTABLE
ENDCOLLATION


#---------------------------------------------------------------------------
# Collation tables for code page IBM 858 and collation Finnish
COLLATION
CODEPAGE-NAME IBM858
COLLATION-NAME FINNISH
COLLATION-TRANSLATION-VERSION 1.0-16
CASE-INSENSITIVE-SORT
  /*000-015*/  000 001 002 003 004 005 006 007 008 009 010 011 012 013 014 015
  /*016-031*/  016 017 018 019 020 021 022 023 024 025 026 027 028 029 030 031
  /*032-047*/  032 033 034 035 036 037 038 039 040 041 042 043 044 045 046 047
  /*048-063*/  048 049 050 051 052 053 054 055 056 057 058 059 060 061 062 063
  /*064-079*/  064 065 067 069 071 073 075 077 079 081 083 085 087 089 091 093
  /*080-095*/  095 097 099 101 103 105 107 109 111 113 115 123 124 125 126 127
  /*096-111*/  128 065 067 069 071 073 075 077 079 081 083 085 087 089 091 093
  /*112-127*/  095 097 099 101 103 105 107 109 111 113 115 129 130 131 132 133
  /*128-143*/  069 105 073 065 119 065 117 069 073 073 073 081 081 081 119 117
  /*144-159*/  073 134 134 093 121 093 105 105 113 121 105 137 136 137 139 140
  /*160-175*/  065 081 093 105 091 091 141 142 143 144 145 146 147 148 149 150
  /*176-191*/  151 152 153 154 155 065 065 065 156 157 158 159 160 161 162 163
  /*192-207*/  164 165 166 167 168 169 065 065 170 171 172 173 174 175 176 177
  /*208-223*/  071 071 073 073 073 178 081 081 081 179 180 181 182 183 081 184
  /*224-239*/  093 000 093 093 093 093 185 186 186 105 105 105 113 113 188 189
  /*240-255*/  190 191 192 193 194 195 196 197 198 199 200 201 202 203 204 205
ENDTABLE
CASE-SENSITIVE-SORT
  /*000-015*/  000 001 002 003 004 005 006 007 008 009 010 011 012 013 014 015
  /*016-031*/  016 017 018 019 020 021 022 023 024 025 026 027 028 029 030 031
  /*032-047*/  032 033 034 035 036 037 038 039 040 041 042 043 044 045 046 047
  /*048-063*/  048 049 050 051 052 053 054 055 056 057 058 059 060 061 062 063
  /*064-079*/  064 065 067 069 071 073 075 077 079 081 083 085 087 089 091 093
  /*080-095*/  095 097 099 101 103 105 107 109 111 113 115 123 124 125 126 127
  /*096-111*/  128 066 068 070 072 074 076 078 080 082 084 086 088 090 092 094
  /*112-127*/  096 098 100 102 104 106 108 110 112 114 116 129 130 131 132 133
  /*128-143*/  069 106 074 066 120 066 118 070 074 074 074 082 082 082 119 117
  /*144-159*/  073 135 134 094 122 094 106 106 206 121 105 138 136 137 139 140
  /*160-175*/  066 082 094 106 092 091 141 142 143 144 145 146 147 148 149 150
  /*176-191*/  151 152 153 154 155 065 065 065 156 157 158 159 160 161 162 163
  /*192-207*/  164 165 166 167 168 169 066 065 170 171 172 173 174 175 176 177
  /*208-223*/  072 071 073 073 073 178 081 081 081 179 180 181 182 183 081 184
  /*224-239*/  093 000 093 093 094 093 185 187 186 105 105 105 114 113 188 189
  /*240-255*/  190 191 192 193 194 195 196 197 198 199 200 201 202 203 204 205
ENDTABLE
ENDCOLLATION
#---------------------------------------------------------------------------
# Collation tables for code page IBM 858 and collation German9 (V9 German-Library)
COLLATION
CODEPAGE-NAME IBM858
COLLATION-NAME GERMAN9
COLLATION-TRANSLATION-VERSION 1.1-16
CASE-INSENSITIVE-SORT
  /*000-015*/  000 001 002 003 004 005 006 007 008 009 010 011 012 013 014 015
  /*016-031*/  016 017 018 019 020 021 022 023 024 025 026 027 028 029 254 255
  /*032-047*/  030 031 032 033 034 035 036 037 038 039 040 041 042 043 044 045
  /*048-063*/  046 047 048 049 050 051 052 053 054 055 056 057 058 059 060 061
  /*064-079*/  062 063 065 066 067 068 069 070 071 072 073 074 075 076 077 078
  /*080-095*/  080 081 082 083 084 085 087 088 089 090 091 121 122 123 124 125
  /*096-111*/  126 063 065 066 067 068 069 070 071 072 073 074 075 076 077 078
  /*112-127*/  080 081 082 083 084 085 087 088 089 090 091 127 128 129 130 131
  /*128-143*/  066 086 068 063 064 063 063 066 068 068 068 072 072 072 064 063
  /*144-159*/  068 064 064 078 079 078 085 085 090 079 086 079 163 079 192 090
  /*160-175*/  063 072 078 085 077 077 170 186 191 174 172 189 188 161 171 187
  /*176-191*/  132 133 134 135 136 063 063 063 169 137 138 139 140 162 165 141
  /*192-207*/  083 142 079 143 144 145 063 063 146 147 148 149 150 151 152 164
  /*208-223*/  067 067 068 068 068 153 072 072 072 154 155 083 156 166 072 079
  /*224-239*/  078 000 078 078 078 078 181 193 193 085 085 085 090 090 175 180
  /*240-255*/  173 177 157 190 182 167 195 184 176 168 183 185 179 178 158 160
ENDTABLE
CASE-SENSITIVE-SORT
  /*000-015*/  000 001 002 003 004 005 006 007 008 009 010 011 012 013 014 015
  /*016-031*/  016 017 018 019 020 021 022 023 024 025 026 027 028 029 254 255
  /*032-047*/  030 031 032 033 034 035 036 037 038 039 040 041 042 043 044 045
  /*048-063*/  046 047 048 049 050 051 052 053 054 055 056 057 058 059 060 061
  /*064-079*/  062 063 065 066 067 068 069 070 071 072 073 074 075 076 077 078
  /*080-095*/  080 081 082 083 084 085 087 088 089 090 091 121 122 123 124 125
  /*096-111*/  126 092 094 095 096 097 098 099 100 101 102 103 104 105 106 107
  /*112-127*/  109 110 111 112 113 114 116 117 118 119 120 127 128 129 130 131
  /*128-143*/  066 115 097 092 093 092 092 095 097 097 097 101 101 101 064 063
  /*144-159*/  068 093 064 107 108 107 114 114 119 079 086 108 163 079 192 090
  /*160-175*/  092 101 107 114 106 077 170 186 191 174 172 189 188 161 171 187
  /*176-191*/  132 133 134 135 136 063 063 063 169 137 138 139 140 162 165 141
  /*192-207*/  083 142 079 143 144 145 092 063 146 147 148 149 150 151 152 164
  /*208-223*/  096 067 068 068 068 153 072 072 072 154 155 112 156 166 072 108
  /*224-239*/  078 000 078 078 107 078 181 194 193 085 085 085 119 090 175 180
  /*240-255*/  173 177 157 190 182 167 195 184 176 168 183 185 179 178 158 160
ENDTABLE
ENDCOLLATION


#---------------------------------------------------------------------------
# Collation tables for code page IBM 858 and collation Norwegian
COLLATION
CODEPAGE-NAME IBM858
COLLATION-NAME NORWEGIAN
COLLATION-TRANSLATION-VERSION 1.0-16
CASE-INSENSITIVE-SORT
  /*000-015*/  000 001 002 003 004 005 006 007 008 009 010 011 012 013 014 015
  /*016-031*/  016 017 018 019 020 021 022 023 024 025 026 027 028 029 030 031
  /*032-047*/  032 033 034 035 036 037 038 039 040 041 042 043 044 045 046 047
  /*048-063*/  048 049 050 051 052 053 054 055 056 057 058 059 060 061 062 063
  /*064-079*/  064 065 067 069 071 073 075 077 079 081 083 085 087 089 091 093
  /*080-095*/  095 097 099 101 103 105 107 109 111 113 115 123 124 125 126 127
  /*096-111*/  128 065 067 069 071 073 075 077 079 081 083 085 087 089 091 093
  /*112-127*/  095 097 099 101 103 105 107 109 111 113 115 129 130 131 132 133
  /*128-143*/  069 113 073 065 117 065 121 069 073 073 073 081 081 081 117 121
  /*144-159*/  073 117 117 093 119 093 105 105 113 119 113 119 134 119 135 136
  /*160-175*/  065 081 093 184 091 091 137 138 139 140 141 142 143 144 145 146
  /*176-191*/  147 148 149 150 151 065 065 065 152 153 154 155 156 157 158 159
  /*192-207*/  160 161 162 163 164 165 065 065 166 167 168 169 170 171 172 173
  /*208-223*/  071 071 073 073 073 174 081 081 081 175 176 177 178 179 081 180
  /*224-239*/  093 000 093 093 093 093 181 182 182 184 105 105 113 113 186 187
  /*240-255*/  188 189 190 191 192 193 194 195 196 197 198 199 200 201 202 203
ENDTABLE
CASE-SENSITIVE-SORT
  /*000-015*/  000 001 002 003 004 005 006 007 008 009 010 011 012 013 014 015
  /*016-031*/  016 017 018 019 020 021 022 023 024 025 026 027 028 029 030 031
  /*032-047*/  032 033 034 035 036 037 038 039 040 041 042 043 044 045 046 047
  /*048-063*/  048 049 050 051 052 053 054 055 056 057 058 059 060 061 062 063
  /*064-079*/  064 065 067 069 071 073 075 077 079 081 083 085 087 089 091 093
  /*080-095*/  095 097 099 101 103 105 107 109 111 113 115 123 124 125 126 127
  /*096-111*/  128 066 068 070 072 074 076 078 080 082 084 086 088 090 092 094
  /*112-127*/  096 098 100 102 104 106 108 110 112 114 116 129 130 131 132 133
  /*128-143*/  069 114 074 066 118 066 122 070 074 074 074 082 082 082 117 121
  /*144-159*/  073 118 117 094 120 094 106 106 204 119 113 120 134 119 135 136
  /*160-175*/  066 082 094 185 092 091 137 138 139 140 141 142 143 144 145 146
  /*176-191*/  147 148 149 150 151 065 065 065 152 153 154 155 156 157 158 159
  /*192-207*/  160 161 162 163 164 165 066 065 166 167 168 169 170 171 172 173
  /*208-223*/  072 071 073 073 073 174 081 081 081 175 176 177 178 179 081 180
  /*224-239*/  093 000 093 093 094 093 181 183 182 184 105 105 114 113 186 187
  /*240-255*/  188 189 190 191 192 193 194 195 196 197 198 199 200 201 202 203
ENDTABLE
ENDCOLLATION


#---------------------------------------------------------------------------
# Collation tables for code page IBM 858 and collation Swedish
COLLATION
CODEPAGE-NAME IBM858
COLLATION-NAME SWEDISH
COLLATION-TRANSLATION-VERSION 1.0-16
CASE-INSENSITIVE-SORT
  /*000-015*/  000 001 002 003 004 005 006 007 008 009 010 011 012 013 014 015
  /*016-031*/  016 017 018 019 020 021 022 023 024 025 026 027 028 029 030 031
  /*032-047*/  032 033 034 035 036 037 038 039 040 041 042 043 044 045 046 047
  /*048-063*/  048 049 050 051 052 053 054 055 056 057 058 059 060 061 062 063
  /*064-079*/  064 065 067 069 071 073 075 077 079 081 083 085 087 089 091 093
  /*080-095*/  095 097 099 101 103 105 107 109 111 113 115 123 124 125 126 127
  /*096-111*/  128 065 067 069 071 073 075 077 079 081 083 085 087 089 091 093
  /*112-127*/  095 097 099 101 103 105 107 109 111 113 115 129 130 131 132 133
  /*128-143*/  069 105 073 065 119 065 117 069 073 073 073 081 081 081 119 117
  /*144-159*/  073 134 134 093 121 093 105 105 113 121 105 137 136 137 139 140
  /*160-175*/  065 081 093 105 091 091 141 142 143 144 145 146 147 148 149 150
  /*176-191*/  151 152 153 154 155 065 065 065 156 157 158 159 160 161 162 163
  /*192-207*/  164 165 166 167 168 169 065 065 170 171 172 173 174 175 176 177
  /*208-223*/  071 071 073 073 073 178 081 081 081 179 180 181 182 183 081 184
  /*224-239*/  093 000 093 093 093 093 185 186 186 105 105 105 113 113 188 189
  /*240-255*/  190 191 192 193 194 195 196 197 198 199 200 201 202 203 204 205
ENDTABLE
CASE-SENSITIVE-SORT
  /*000-015*/  000 001 002 003 004 005 006 007 008 009 010 011 012 013 014 015
  /*016-031*/  016 017 018 019 020 021 022 023 024 025 026 027 028 029 030 031
  /*032-047*/  032 033 034 035 036 037 038 039 040 041 042 043 044 045 046 047
  /*048-063*/  048 049 050 051 052 053 054 055 056 057 058 059 060 061 062 063
  /*064-079*/  064 065 067 069 071 073 075 077 079 081 083 085 087 089 091 093
  /*080-095*/  095 097 099 101 103 105 107 109 111 113 115 123 124 125 126 127
  /*096-111*/  128 066 068 070 072 074 076 078 080 082 084 086 088 090 092 094
  /*112-127*/  096 098 100 102 104 106 108 110 112 114 116 129 130 131 132 133
  /*128-143*/  069 106 074 066 120 066 118 070 074 074 074 082 082 082 119 117
  /*144-159*/  073 135 134 094 122 094 106 106 206 121 105 138 136 137 139 140
  /*160-175*/  066 082 094 106 092 091 141 142 143 144 145 146 147 148 149 150
  /*176-191*/  151 152 153 154 155 065 065 065 156 157 158 159 160 161 162 163
  /*192-207*/  164 165 166 167 168 169 066 065 170 171 172 173 174 175 176 177
  /*208-223*/  072 071 073 073 073 178 081 081 081 179 180 181 182 183 081 184
  /*224-239*/  093 000 093 093 094 093 185 187 186 105 105 105 114 113 188 189
  /*240-255*/  190 191 192 193 194 195 196 197 198 199 200 201 202 203 204 205
ENDTABLE
ENDCOLLATION


#---------------------------------------------------------------------------
# Collation tables for code page IBM 858 and collation Icelandic
COLLATION
CODEPAGE-NAME IBM858
COLLATION-NAME ICELANDIC
COLLATION-TRANSLATION-VERSION 1.0-16
CASE-INSENSITIVE-SORT
  /*000-015*/  000 001 002 003 004 005 006 007 008 009 010 011 012 013 014 015
  /*016-031*/  016 017 018 019 020 021 022 023 024 025 026 027 028 029 030 031
  /*032-047*/  032 033 034 035 036 037 038 039 040 041 042 043 044 045 046 047
  /*048-063*/  048 049 050 051 052 053 054 055 056 057 058 059 060 061 062 063
  /*064-079*/  064 065 069 071 073 077 081 083 085 087 091 093 095 097 099 101
  /*080-095*/  105 107 109 111 113 115 119 121 123 125 129 137 138 139 140 141
  /*096-111*/  142 065 069 071 073 077 081 083 085 087 091 093 095 097 099 101
  /*112-127*/  105 107 109 111 113 115 119 121 123 125 129 143 144 145 146 147
  /*128-143*/  071 115 079 065 065 065 065 071 077 077 077 087 087 087 065 065
  /*144-159*/  079 133 133 101 135 101 115 115 125 135 115 101 183 101 212 179
  /*160-175*/  067 089 103 117 099 099 190 206 211 194 192 209 208 181 191 207
  /*176-191*/  148 149 150 151 152 067 065 065 189 153 154 155 156 182 185 157
  /*192-207*/  158 159 160 161 162 163 065 065 164 165 166 167 168 169 170 184
  /*208-223*/  075 075 077 077 077 171 089 087 087 172 173 174 175 186 087 176
  /*224-239*/  103 213 101 101 101 101 201 131 131 117 115 115 127 127 195 200
  /*240-255*/  193 197 177 210 202 187 214 204 196 188 203 205 199 198 178 180
ENDTABLE
CASE-SENSITIVE-SORT
  /*000-015*/  000 001 002 003 004 005 006 007 008 009 010 011 012 013 014 015
  /*016-031*/  016 017 018 019 020 021 022 023 024 025 026 027 028 029 030 031
  /*032-047*/  032 033 034 035 036 037 038 039 040 041 042 043 044 045 046 047
  /*048-063*/  048 049 050 051 052 053 054 055 056 057 058 059 060 061 062 063
  /*064-079*/  064 065 069 071 073 077 081 083 085 087 091 093 095 097 099 101
  /*080-095*/  105 107 109 111 113 115 119 121 123 125 129 137 138 139 140 141
  /*096-111*/  142 066 070 072 074 078 082 084 086 088 092 094 096 098 100 102
  /*112-127*/  106 108 110 112 114 116 120 122 124 126 130 143 144 145 146 147
  /*128-143*/  071 116 080 066 066 066 066 072 078 078 078 088 088 088 065 065
  /*144-159*/  079 134 133 102 136 102 116 116 125 135 115 102 183 101 212 179
  /*160-175*/  068 090 104 118 100 099 190 206 211 194 192 209 208 181 191 207
  /*176-191*/  148 149 150 151 152 067 065 065 189 153 154 155 156 182 185 157
  /*192-207*/  158 159 160 161 162 163 066 065 164 165 166 167 168 169 170 184
  /*208-223*/  076 075 077 077 077 171 089 087 087 172 173 174 175 186 087 176
  /*224-239*/  103 213 101 101 102 101 201 132 131 117 115 115 128 127 195 200
  /*240-255*/  193 197 177 210 202 187 214 204 196 188 203 205 199 198 178 180
ENDTABLE
ENDCOLLATION



#---------------------------------------------------------------------------
# Conversion table for code page ibm861 to code page IBM 858
CONVERT
SOURCE-NAME "IBM861"
TARGET-NAME "IBM858"
TYPE "1"
  /*000-015*/  000 001 002 003 004 005 006 007 008 009 010 011 012 013 014 015
  /*016-031*/  016 017 018 019 020 021 022 023 024 025 026 027 028 029 030 031
  /*032-047*/  032 033 034 035 036 037 038 039 040 041 042 043 044 045 046 047
  /*048-063*/  048 049 050 051 052 053 054 055 056 057 058 059 060 061 062 063
  /*064-079*/  064 065 066 067 068 069 070 071 072 073 074 075 076 077 078 079
  /*080-095*/  080 081 082 083 084 085 086 087 088 089 090 091 092 093 094 095
  /*096-111*/  096 097 098 099 100 101 102 103 104 105 106 107 108 109 110 111
  /*112-127*/  112 113 114 115 116 117 118 119 120 121 122 123 124 125 126 127
  /*128-143*/  128 129 130 131 132 133 134 135 136 137 138 209 208 232 142 143
  /*144-159*/  144 145 146 147 148 231 150 237 236 153 154 155 156 157 139 159
  /*160-175*/  160 161 162 163 181 214 224 233 168 141 170 171 172 173 174 175
  /*176-191*/  176 177 178 179 180 149 151 152 164 185 186 187 188 165 166 191
  /*192-207*/  192 193 194 195 196 197 167 169 200 201 202 203 204 205 206 182
  /*208-223*/  183 184 189 190 198 199 207 210 211 217 218 219 220 212 213 223
  /*224-239*/  216 225 221 222 226 227 230 228 229 234 235 238 239 240 242 243
  /*240-255*/  244 241 245 247 140 215 246 158 248 249 250 251 252 253 254 255
ENDTABLE
ENDCONVERT


#---------------------------------------------------------------------------
# This is a conversion table for converting code page IBM 858 to code page
# code page ibm437. This is not a one to one mapping - many of the accented
# characters available in IBM 858 are not available in ibm437 and were mapped
# to graphics or symbol characters
CONVERT
SOURCE-NAME "IBM437"
TARGET-NAME "IBM858"
TYPE "1"
  /*000-015*/  000 001 002 003 004 005 006 007 008 009 010 011 012 013 014 015
  /*016-031*/  016 017 018 019 020 021 022 023 024 025 026 027 028 029 030 031
  /*032-047*/  032 033 034 035 036 037 038 039 040 041 042 043 044 045 046 047
  /*048-063*/  048 049 050 051 052 053 054 055 056 057 058 059 060 061 062 063
  /*064-079*/  064 065 066 067 068 069 070 071 072 073 074 075 076 077 078 079
  /*080-095*/  080 081 082 083 084 085 086 087 088 089 090 091 092 093 094 095
  /*096-111*/  096 097 098 099 100 101 102 103 104 105 106 107 108 109 110 111
  /*112-127*/  112 113 114 115 116 117 118 119 120 121 122 123 124 125 126 127
  /*128-143*/  128 129 130 131 132 133 134 135 136 137 138 139 140 141 142 143
  /*144-159*/  144 145 146 147 148 149 150 151 152 153 154 189 156 190 155 159
  /*160-175*/  160 161 162 163 164 165 166 167 168 157 170 171 172 173 174 175
  /*176-191*/  176 177 178 179 180 158 169 181 182 185 186 187 188 183 184 191
  /*192-207*/  192 193 194 195 196 197 198 199 200 201 202 203 204 205 206 207
  /*208-223*/  208 209 210 211 212 213 214 215 216 217 218 219 220 221 222 223
  /*224-239*/  224 225 226 227 228 229 230 231 232 233 234 235 236 237 238 239
  /*240-255*/  240 241 242 243 244 245 246 247 248 249 250 251 252 253 254 255
ENDTABLE
ENDCONVERT

# Conversion table for code page IBM 858 to code page Roman-8 (1051)
CONVERT
SOURCE-NAME "IBM858"
TARGET-NAME "ROMAN-8"
TYPE "1"
  /*000-015*/  000 001 002 003 004 005 006 007 008 009 010 011 012 013 014 015
  /*016-031*/  016 017 018 019 020 021 022 023 024 025 026 027 028 029 030 031
  /*032-047*/  032 033 034 035 036 037 038 039 040 041 042 043 044 045 046 047
  /*048-063*/  048 049 050 051 052 053 054 055 056 057 058 059 060 061 062 063
  /*064-079*/  064 065 066 067 068 069 070 071 072 073 074 075 076 077 078 079
  /*080-095*/  080 081 082 083 084 085 086 087 088 089 090 091 092 093 094 095
  /*096-111*/  096 097 098 099 100 101 102 103 104 105 106 107 108 109 110 111
  /*112-127*/  112 113 114 115 116 117 118 119 120 121 122 123 124 125 126 127
  /*128-143*/  180 207 197 192 204 200 212 181 193 205 201 221 209 217 216 208
  /*144-159*/  220 215 211 194 206 202 195 203 239 218 219 214 175 210 252 159
  /*160-175*/  196 213 198 199 183 182 249 250 185 179 172 248 247 184 251 253
  /*176-191*/  128 129 130 131 132 224 162 161 170 133 134 135 136 191 188 137
  /*192-207*/  138 139 140 141 142 143 226 225 144 145 146 147 148 149 150 186
  /*208-223*/  228 227 164 165 163 151 229 166 167 152 153 154 155 169 230 156
  /*224-239*/  231 222 223 232 234 233 243 241 240 237 174 173 178 177 176 168
  /*240-255*/  246 254 157 245 244 189 255 236 187 171 242 238 235 190 158 160
ENDTABLE
ENDCONVERT

