#---------------------------------------------------------------------------
# This table contains the attributes for code page 1257
# (Baltic rim, including Lithuanian)
CODEPAGE
CODEPAGE-NAME "1257"
TYPE "1"
ISALPHA
  /*000-015*/  000 000 000 000 000 000 000 000 000 000 000 000 000 000 000 000
  /*016-031*/  000 000 000 000 000 000 000 000 000 000 000 000 000 000 000 000
  /*032-047*/  000 000 000 000 000 000 000 000 000 000 000 000 000 000 000 000
  /*048-063*/  000 000 000 000 000 000 000 000 000 000 000 000 000 000 000 000
  /*064-079*/  000 001 001 001 001 001 001 001 001 001 001 001 001 001 001 001
  /*080-095*/  001 001 001 001 001 001 001 001 001 001 001 000 000 000 000 000
  /*096-111*/  000 001 001 001 001 001 001 001 001 001 001 001 001 001 001 001
  /*112-127*/  001 001 001 001 001 001 001 001 001 001 001 000 000 000 000 000
  /*128-143*/  000 000 000 000 000 000 000 000 000 000 000 000 000 000 000 000
  /*144-159*/  000 000 000 000 000 000 000 000 000 000 000 000 000 000 000 000
  /*160-175*/  000 000 000 000 000 000 000 000 001 000 001 000 000 000 000 001
  /*176-191*/  000 000 000 000 000 000 000 000 001 000 001 000 000 000 000 001
  /*192-207*/  001 001 001 001 001 001 001 001 001 001 001 001 001 001 001 001
  /*208-223*/  001 001 001 001 001 001 001 000 001 001 001 001 001 001 001 001
  /*224-239*/  001 001 001 001 001 001 001 001 001 001 001 001 001 001 001 001
  /*240-255*/  001 001 001 001 001 001 001 000 001 001 001 001 001 001 001 000
ENDTABLE
ENDCODEPAGE


#---------------------------------------------------------------------------
# Upper and Lower case tables for codepage 1257
CASE
CODEPAGE-NAME 1257
CASETABLE-NAME BASIC
TYPE 1
UPPERCASE-MAP
  /*000-015*/  000 001 002 003 004 005 006 007 008 009 010 011 012 013 014 015
  /*016-031*/  016 017 018 019 020 021 022 023 024 025 026 027 028 029 030 031
  /*032-047*/  032 033 034 035 036 037 038 039 040 041 042 043 044 045 046 047
  /*048-063*/  048 049 050 051 052 053 054 055 056 057 058 059 060 061 062 063
  /*064-079*/  064 065 066 067 068 069 070 071 072 073 074 075 076 077 078 079
  /*080-095*/  080 081 082 083 084 085 086 087 088 089 090 091 092 093 094 095
  /*096-111*/  096 065 066 067 068 069 070 071 072 073 074 075 076 077 078 079
  /*112-127*/  080 081 082 083 084 085 086 087 088 089 090 123 124 125 126 127
  /*128-143*/  128 129 130 131 132 133 134 135 136 137 138 139 140 141 142 143
  /*144-159*/  144 145 146 147 148 149 150 151 152 153 154 155 156 157 158 159
  /*160-175*/  160 161 162 163 164 165 166 167 168 169 170 171 172 173 174 175
  /*176-191*/  176 177 178 179 180 181 182 183 168 185 170 187 188 189 190 175
  /*192-207*/  192 193 194 195 196 197 198 199 200 201 202 203 204 205 206 207
  /*208-223*/  208 209 210 211 212 213 214 215 216 217 218 219 220 221 222 223
  /*224-239*/  192 193 194 195 196 197 198 199 200 201 202 203 204 205 206 207
  /*240-255*/  208 209 210 211 212 213 214 247 216 217 218 219 220 221 222 255
ENDTABLE
LOWERCASE-MAP
  /*000-015*/  000 001 002 003 004 005 006 007 008 009 010 011 012 013 014 015
  /*016-031*/  016 017 018 019 020 021 022 023 024 025 026 027 028 029 030 031
  /*032-047*/  032 033 034 035 036 037 038 039 040 041 042 043 044 045 046 047
  /*048-063*/  048 049 050 051 052 053 054 055 056 057 058 059 060 061 062 063
  /*064-079*/  064 097 098 099 100 101 102 103 104 105 106 107 108 109 110 111
  /*080-095*/  112 113 114 115 116 117 118 119 120 121 122 091 092 093 094 095
  /*096-111*/  096 097 098 099 100 101 102 103 104 105 106 107 108 109 110 111
  /*112-127*/  112 113 114 115 116 117 118 119 120 121 122 123 124 125 126 127
  /*128-143*/  128 129 130 131 132 133 134 135 136 137 138 139 140 141 142 143
  /*144-159*/  144 145 146 147 148 149 150 151 152 153 154 155 156 157 158 159
  /*160-175*/  160 161 162 163 164 165 166 167 184 169 186 171 172 173 174 191
  /*176-191*/  176 177 178 179 180 181 182 183 184 185 186 187 188 189 190 191
  /*192-207*/  224 225 226 227 228 229 230 231 232 233 234 235 236 237 238 239
  /*208-223*/  240 241 242 243 244 245 246 215 248 249 250 251 252 253 254 223
  /*224-239*/  224 225 226 227 228 229 230 231 232 233 234 235 236 237 238 239
  /*240-255*/  240 241 242 243 244 245 246 247 248 249 250 251 252 253 254 255
ENDTABLE
ENDCASE


#---------------------------------------------------------------------------
# Collation tables for codepage 1257, Lithuanian
COLLATION
CODEPAGE-NAME 1257
COLLATION-NAME LITHUANIAN
COLLATION-TRANSLATION-VERSION 1.1-16
CASE-INSENSITIVE-SORT
  /*000-015*/  000 001 002 003 004 005 006 007 008 009 010 011 012 013 014 015
  /*016-031*/  016 017 018 019 020 021 022 023 024 025 026 027 028 029 030 031
  /*032-047*/  032 033 034 035 036 037 038 039 040 041 042 043 044 045 046 047
  /*048-063*/  048 049 050 051 052 053 054 055 056 057 058 059 060 061 062 063
  /*064-079*/  064 065 067 069 073 075 077 079 081 083 085 087 089 091 093 095
  /*080-095*/  097 099 101 103 107 109 111 113 115 083 117 123 124 125 126 127
  /*096-111*/  128 065 067 069 073 075 077 079 081 083 085 087 089 091 093 095
  /*112-127*/  097 099 101 103 107 109 111 113 115 083 117 129 130 131 132 133
  /*128-143*/  134 135 136 137 138 139 140 141 142 143 144 145 146 147 148 149
  /*144-159*/  150 151 152 153 154 155 156 157 158 159 160 161 162 163 164 165
  /*160-175*/  166 167 168 169 170 171 172 173 095 174 101 175 176 177 178 121
  /*176-191*/  179 180 181 182 183 184 185 186 095 187 101 188 189 190 191 121
  /*192-207*/  065 083 065 069 065 065 075 075 071 075 117 075 079 087 083 089
  /*208-223*/  105 093 093 095 095 095 095 196 109 089 103 109 109 117 119 000
  /*224-239*/  065 083 065 069 065 065 075 075 071 075 117 075 079 087 083 089
  /*240-255*/  105 093 093 095 095 095 095 197 109 089 103 109 109 117 119 198
ENDTABLE
CASE-SENSITIVE-SORT
  /*000-015*/  000 001 002 003 004 005 006 007 008 009 010 011 012 013 014 015
  /*016-031*/  016 017 018 019 020 021 022 023 024 025 026 027 028 029 030 031
  /*032-047*/  032 033 034 035 036 037 038 039 040 041 042 043 044 045 046 047
  /*048-063*/  048 049 050 051 052 053 054 055 056 057 058 059 060 061 062 063
  /*064-079*/  064 065 067 069 073 075 077 079 081 083 085 087 089 091 093 095
  /*080-095*/  097 099 101 103 107 109 111 113 115 083 117 123 124 125 126 127
  /*096-111*/  128 066 068 070 074 076 078 080 082 084 086 088 090 092 094 096
  /*112-127*/  098 100 102 104 108 110 112 114 116 084 118 129 130 131 132 133
  /*128-143*/  134 135 136 137 138 139 140 141 142 143 144 145 146 147 148 149
  /*144-159*/  150 151 152 153 154 155 156 157 158 159 160 161 162 163 164 165
  /*160-175*/  166 167 168 169 170 171 172 173 095 174 101 175 176 177 178 121
  /*176-191*/  179 180 181 182 183 184 185 186 096 187 102 188 189 190 191 122
  /*192-207*/  065 083 065 069 065 065 075 075 071 075 117 075 079 087 083 089
  /*208-223*/  105 093 093 095 095 095 095 196 109 089 103 109 109 117 119 000
  /*224-239*/  066 084 066 070 066 066 076 076 072 076 118 076 080 088 084 090
  /*240-255*/  106 094 094 096 096 096 096 197 110 090 104 110 110 118 120 198
ENDTABLE
ENDCOLLATION

#---------------------------------------------------------------------------
# Collation tables for codepage 1257, Latvian
COLLATION
CODEPAGE-NAME 1257
COLLATION-NAME LATVIAN
COLLATION-TRANSLATION-VERSION 1.1-16
CASE-INSENSITIVE-SORT
  /*000-015*/  000 001 002 003 004 005 006 007 008 009 010 011 012 013 014 015
  /*016-031*/  016 017 018 019 020 021 022 023 024 025 026 027 028 029 030 031
  /*032-047*/  032 033 034 035 036 037 038 039 040 041 042 043 044 045 046 047
  /*048-063*/  048 049 050 051 052 053 054 055 056 057 058 059 060 061 062 063
  /*064-079*/  064 065 067 069 073 075 077 079 083 085 089 091 095 099 101 105
  /*080-095*/  107 109 111 113 117 119 121 123 125 087 127 131 132 133 134 135
  /*096-111*/  136 065 067 069 073 075 077 079 083 085 089 091 095 099 101 105
  /*112-127*/  107 109 111 113 117 119 121 123 125 087 127 137 138 139 140 141
  /*128-143*/  142 143 144 145 146 147 148 149 150 151 152 153 154 155 156 157
  /*144-159*/  158 159 160 161 162 163 164 165 166 167 168 169 170 171 172 173
  /*160-175*/  174 175 176 177 178 179 180 181 182 183 111 184 185 186 187 188
  /*176-191*/  189 190 191 192 193 194 195 196 197 198 111 199 200 201 202 203
  /*192-207*/  065 085 065 069 065 065 075 075 071 075 127 075 081 093 085 097
  /*208-223*/  115 101 103 105 105 105 105 204 119 095 113 119 119 127 129 000
  /*224-239*/  065 085 065 069 065 065 075 075 071 075 127 075 081 093 085 097
  /*240-255*/  115 101 103 105 105 105 105 205 119 095 113 119 119 127 129 206
ENDTABLE
CASE-SENSITIVE-SORT
  /*000-015*/  000 001 002 003 004 005 006 007 008 009 010 011 012 013 014 015
  /*016-031*/  016 017 018 019 020 021 022 023 024 025 026 027 028 029 030 031
  /*032-047*/  032 033 034 035 036 037 038 039 040 041 042 043 044 045 046 047
  /*048-063*/  048 049 050 051 052 053 054 055 056 057 058 059 060 061 062 063
  /*064-079*/  064 065 067 069 073 075 077 079 083 085 089 091 095 099 101 105
  /*080-095*/  107 109 111 113 117 119 121 123 125 087 127 131 132 133 134 135
  /*096-111*/  136 066 068 070 074 076 078 080 084 086 090 092 096 100 102 106
  /*112-127*/  108 110 112 114 118 120 122 124 126 088 128 137 138 139 140 141
  /*128-143*/  142 143 144 145 146 147 148 149 150 151 152 153 154 155 156 157
  /*144-159*/  158 159 160 161 162 163 164 165 166 167 168 169 170 171 172 173
  /*160-175*/  174 175 176 177 178 179 180 181 182 183 111 184 185 186 187 188
  /*176-191*/  189 190 191 192 193 194 195 196 197 198 112 199 200 201 202 203
  /*192-207*/  065 085 065 069 065 065 075 075 071 075 127 075 081 093 085 097
  /*208-223*/  115 101 103 105 105 105 105 204 119 095 113 119 119 127 129 000
  /*224-239*/  066 086 066 070 066 066 076 076 072 076 128 076 082 094 086 098
  /*240-255*/  116 102 104 106 106 106 106 205 120 096 114 120 120 128 130 206
ENDTABLE
ENDCOLLATION

