#---------------------------------------------------------------------------
# File: MS1252.dat, Version 1.00 Updated 5/28/98
# Microsoft codepage 1252 is used for Western Europe and the Americas
# This file contains the following tables for codepage 1252:
# Attribute table
# Case Tables: Basic, French
# Collation tables: Basic, Danish, German-library, Finnish, Icelandic,
# Collation tables: Norwegian, Spanish, Swedish
# A number of conversion tables are provided from 1252 to:
# IBM 037, 273, 277, 278, 284, 297, 437, 500, 850, 861, 
# ISO 8859-1.

# Relative to iso8859-1, 1252 has:
# Capital S w/caron 138, Small S w/caron 154,
# Capital OE ligature 140, Small OE ligature 156, 
# Capital Z-hacek 142, Small Z-hacek 158,
# Capital Y diaresis 159, (Small Y diaresis existed at 255)
# Euro 128.
#---------------------------------------------------------------------------
# This table contains the attributes for code page 1252
CODEPAGE
CODEPAGE-NAME "1252"
TYPE "1"
ISALPHA
  /*000-015*/  000 000 000 000 000 000 000 000 000 000 000 000 000 000 000 000
  /*016-031*/  000 000 000 000 000 000 000 000 000 000 000 000 000 000 000 000
  /*032-047*/  000 000 000 000 000 000 000 000 000 000 000 000 000 000 000 000
  /*048-063*/  000 000 000 000 000 000 000 000 000 000 000 000 000 000 000 000
  /*064-079*/  000 001 001 001 001 001 001 001 001 001 001 001 001 001 001 001
  /*080-095*/  001 001 001 001 001 001 001 001 001 001 001 000 000 000 000 000
  /*096-111*/  000 001 001 001 001 001 001 001 001 001 001 001 001 001 001 001
  /*112-127*/  001 001 001 001 001 001 001 001 001 001 001 000 000 000 000 000
  /*128-143*/  000 000 000 000 000 000 000 000 000 000 001 000 001 000 001 000
  /*144-159*/  000 000 000 000 000 000 000 000 000 000 001 000 001 000 001 001
  /*160-175*/  000 000 000 000 000 000 000 000 000 000 000 000 000 000 000 000
  /*176-191*/  000 000 000 000 000 000 000 000 000 000 000 000 000 000 000 000
  /*192-207*/  001 001 001 001 001 001 001 001 001 001 001 001 001 001 001 001
  /*208-223*/  001 001 001 001 001 001 001 000 001 001 001 001 001 001 001 001
  /*224-239*/  001 001 001 001 001 001 001 001 001 001 001 001 001 001 001 001
  /*240-255*/  001 001 001 001 001 001 001 000 001 001 001 001 001 001 001 001
ENDTABLE
ENDCODEPAGE


#---------------------------------------------------------------------------
# Case tables for code page 1252 and case table basic
CASE
CODEPAGE-NAME 1252
CASETABLE-NAME BASIC
TYPE 1
UPPERCASE-MAP
  /*000-015*/  000 001 002 003 004 005 006 007 008 009 010 011 012 013 014 015
  /*016-031*/  016 017 018 019 020 021 022 023 024 025 026 027 028 029 030 031
  /*032-047*/  032 033 034 035 036 037 038 039 040 041 042 043 044 045 046 047
  /*048-063*/  048 049 050 051 052 053 054 055 056 057 058 059 060 061 062 063
  /*064-079*/  064 065 066 067 068 069 070 071 072 073 074 075 076 077 078 079
  /*080-095*/  080 081 082 083 084 085 086 087 088 089 090 091 092 093 094 095
  /*096-111*/  096 065 066 067 068 069 070 071 072 073 074 075 076 077 078 079
  /*112-127*/  080 081 082 083 084 085 086 087 088 089 090 123 124 125 126 127
  /*128-143*/  128 129 130 131 132 133 134 135 136 137 138 139 140 141 142 143
  /*144-159*/  144 145 146 147 148 149 150 151 152 153 138 155 140 157 142 159
  /*160-175*/  160 161 162 163 164 165 166 167 168 169 170 171 172 173 174 175
  /*176-191*/  176 177 178 179 180 181 182 183 184 185 186 187 188 189 190 191
  /*192-207*/  192 193 194 195 196 197 198 199 200 201 202 203 204 205 206 207
  /*208-223*/  208 209 210 211 212 213 214 215 216 217 218 219 220 221 222 223
  /*224-239*/  192 193 194 195 196 197 198 199 200 201 202 203 204 205 206 207
  /*240-255*/  208 209 210 211 212 213 214 247 216 217 218 219 220 221 222 159
ENDTABLE
LOWERCASE-MAP
  /*000-015*/  000 001 002 003 004 005 006 007 008 009 010 011 012 013 014 015
  /*016-031*/  016 017 018 019 020 021 022 023 024 025 026 027 028 029 030 031
  /*032-047*/  032 033 034 035 036 037 038 039 040 041 042 043 044 045 046 047
  /*048-063*/  048 049 050 051 052 053 054 055 056 057 058 059 060 061 062 063
  /*064-079*/  064 097 098 099 100 101 102 103 104 105 106 107 108 109 110 111
  /*080-095*/  112 113 114 115 116 117 118 119 120 121 122 091 092 093 094 095
  /*096-111*/  096 097 098 099 100 101 102 103 104 105 106 107 108 109 110 111
  /*112-127*/  112 113 114 115 116 117 118 119 120 121 122 123 124 125 126 127
  /*128-143*/  128 129 130 131 132 133 134 135 136 137 154 139 156 141 158 143
  /*144-159*/  144 145 146 147 148 149 150 151 152 153 154 155 156 157 158 255
  /*160-175*/  160 161 162 163 164 165 166 167 168 169 170 171 172 173 174 175
  /*176-191*/  176 177 178 179 180 181 182 183 184 185 186 187 188 189 190 191
  /*192-207*/  224 225 226 227 228 229 230 231 232 233 234 235 236 237 238 239
  /*208-223*/  240 241 242 243 244 245 246 215 248 249 250 251 252 253 254 223
  /*224-239*/  224 225 226 227 228 229 230 231 232 233 234 235 236 237 238 239
  /*240-255*/  240 241 242 243 244 245 246 247 248 249 250 251 252 253 254 255
ENDTABLE
ENDCASE


#---------------------------------------------------------------------------
# Case tables for code page 1252 and case table French
CASE
CODEPAGE-NAME 1252
CASETABLE-NAME FRENCH
TYPE 1
UPPERCASE-MAP
  /*000-015*/  000 001 002 003 004 005 006 007 008 009 010 011 012 013 014 015
  /*016-031*/  016 017 018 019 020 021 022 023 024 025 026 027 028 029 030 031
  /*032-047*/  032 033 034 035 036 037 038 039 040 041 042 043 044 045 046 047
  /*048-063*/  048 049 050 051 052 053 054 055 056 057 058 059 060 061 062 063
  /*064-079*/  064 065 066 067 068 069 070 071 072 073 074 075 076 077 078 079
  /*080-095*/  080 081 082 083 084 085 086 087 088 089 090 091 092 093 094 095
  /*096-111*/  096 065 066 067 068 069 070 071 072 073 074 075 076 077 078 079
  /*112-127*/  080 081 082 083 084 085 086 087 088 089 090 123 124 125 126 127
  /*128-143*/  128 129 130 131 132 133 134 135 136 137 138 139 140 141 142 143
  /*144-159*/  144 145 146 147 148 149 150 151 152 153 138 155 140 157 142 159
  /*160-175*/  160 161 162 163 164 165 166 167 168 169 170 171 172 173 174 175
  /*176-191*/  176 177 178 179 180 181 182 183 184 185 186 187 188 189 190 191
  /*192-207*/  192 193 194 195 196 197 198 199 200 201 202 203 204 205 206 207
  /*208-223*/  208 209 210 211 212 213 214 215 216 217 218 219 220 221 222 223
  /*224-239*/  065 193 065 195 196 197 198 067 069 069 202 203 204 205 073 073
  /*240-255*/  208 209 210 211 079 213 214 247 216 217 218 085 220 221 222 089
ENDTABLE
LOWERCASE-MAP
  /*000-015*/  000 001 002 003 004 005 006 007 008 009 010 011 012 013 014 015
  /*016-031*/  016 017 018 019 020 021 022 023 024 025 026 027 028 029 030 031
  /*032-047*/  032 033 034 035 036 037 038 039 040 041 042 043 044 045 046 047
  /*048-063*/  048 049 050 051 052 053 054 055 056 057 058 059 060 061 062 063
  /*064-079*/  064 097 098 099 100 101 102 103 104 105 106 107 108 109 110 111
  /*080-095*/  112 113 114 115 116 117 118 119 120 121 122 091 092 093 094 095
  /*096-111*/  096 097 098 099 100 101 102 103 104 105 106 107 108 109 110 111
  /*112-127*/  112 113 114 115 116 117 118 119 120 121 122 123 124 125 126 127
  /*128-143*/  128 129 130 131 132 133 134 135 136 137 154 139 156 141 158 143
  /*144-159*/  144 145 146 147 148 149 150 151 152 153 154 155 156 157 158 159
  /*160-175*/  160 161 162 163 164 165 166 167 168 169 170 171 172 173 174 175
  /*176-191*/  176 177 178 179 180 181 182 183 184 185 186 187 188 189 190 191
  /*192-207*/  224 225 226 227 228 229 230 231 232 233 234 235 236 237 238 239
  /*208-223*/  240 241 242 243 244 245 246 215 248 249 250 251 252 253 254 223
  /*224-239*/  224 225 226 227 228 229 230 231 232 233 234 235 236 237 238 239
  /*240-255*/  240 241 242 243 244 245 246 247 248 249 250 251 252 253 254 255
ENDTABLE
ENDCASE

#---------------------------------------------------------------------------
# Collation tables for code page 1252 and collation Basic
COLLATION
CODEPAGE-NAME 1252
COLLATION-NAME BASIC
COLLATION-TRANSLATION-VERSION 1.0-16
CASE-INSENSITIVE-SORT
  /*000-015*/  000 001 002 003 004 005 006 007 008 009 010 011 012 013 014 015
  /*016-031*/  016 017 018 019 020 021 022 023 024 025 026 027 028 029 030 031
  /*032-047*/  032 033 034 035 036 037 038 039 040 041 042 043 044 045 046 047
  /*048-063*/  048 049 050 051 052 053 054 055 056 057 058 059 060 061 062 063
  /*064-079*/  064 065 066 067 068 069 070 071 072 073 074 075 076 077 078 079
  /*080-095*/  080 081 082 083 084 085 086 087 088 089 090 091 092 093 094 095
  /*096-111*/  096 065 066 067 068 069 070 071 072 073 074 075 076 077 078 079
  /*112-127*/  080 081 082 083 084 085 086 087 088 089 090 123 124 125 126 127
  /*128-143*/  176 177 178 179 180 185 186 187 188 191 083 193 079 195 090 143
  /*144-159*/  200 201 202 203 204 205 206 213 217 218 083 220 079 242 090 089
  /*160-175*/  255 173 189 156 207 190 221 245 249 184 229 174 199 240 199 238
  /*176-191*/  248 241 253 252 239 230 244 250 247 251 229 175 172 171 243 168
  /*192-207*/  065 065 065 065 065 143 146 067 069 069 069 069 073 073 073 073
  /*208-223*/  068 078 079 079 079 079 079 158 157 085 085 085 085 089 222 000
  /*224-239*/  065 065 065 065 065 143 146 067 069 069 069 069 073 073 073 073
  /*240-255*/  068 078 079 079 079 079 079 246 157 085 085 085 085 089 222 089
ENDTABLE
CASE-SENSITIVE-SORT
  /*000-015*/  000 001 002 003 004 005 006 007 008 009 010 011 012 013 014 015
  /*016-031*/  016 017 018 019 020 021 022 023 024 025 026 027 028 029 030 031
  /*032-047*/  032 033 034 035 036 037 038 039 040 041 042 043 044 045 046 047
  /*048-063*/  048 049 050 051 052 053 054 055 056 057 058 059 060 061 062 063
  /*064-079*/  064 065 066 067 068 069 070 071 072 073 074 075 076 077 078 079
  /*080-095*/  080 081 082 083 084 085 086 087 088 089 090 091 092 093 094 095
  /*096-111*/  096 097 098 099 100 101 102 103 104 105 106 107 108 109 110 111
  /*112-127*/  112 113 114 115 116 117 118 119 120 121 122 123 124 125 126 127
  /*128-143*/  176 177 178 179 180 185 186 187 188 191 083 193 079 195 090 197
  /*144-159*/  200 201 202 203 204 205 206 213 217 218 115 220 111 242 115 089
  /*160-175*/  255 173 189 156 207 190 221 245 249 184 229 174 199 240 198 238
  /*176-191*/  248 241 253 252 239 230 244 250 247 251 229 175 172 171 243 168
  /*192-207*/  065 065 065 065 065 143 146 067 069 069 069 069 073 073 073 073
  /*208-223*/  209 078 079 079 079 079 079 158 157 085 085 085 085 089 232 000
  /*224-239*/  097 097 097 097 097 134 145 099 101 101 101 101 105 105 105 105
  /*240-255*/  208 110 111 111 111 111 111 246 155 117 117 117 117 121 231 121
ENDTABLE
ENDCOLLATION


#---------------------------------------------------------------------------
# Collation tables for code page 1252 and collation Basic9
COLLATION
CODEPAGE-NAME 1252
COLLATION-NAME BASIC9
COLLATION-TRANSLATION-VERSION 1.1-16
CASE-INSENSITIVE-SORT
  /*000-015*/  000 001 002 003 004 005 006 007 008 009 010 011 012 013 014 015  
  /*016-031*/  016 017 018 019 020 021 022 023 024 025 026 027 028 029 030 031 
  /*032-047*/  032 034 036 037 038 044 046 047 048 049 050 051 052 053 055 056
  /*048-063*/  062 063 065 067 069 070 071 072 073 074 075 076 077 078 079 080
  /*064-079*/  082 133 137 139 141 145 149 152 154 156 158 160 162 164 166 170 
  /*080-095*/  176 178 180 182 185 189 191 193 195 197 199 083 084 085 086 087 
  /*096-111*/  088 133 137 139 141 145 149 152 154 156 158 160 162 164 166 170 
  /*112-127*/  176 178 180 182 185 189 191 193 195 197 199 089 090 091 092 093 
  /*128-143*/  039 094 095 151 096 097 098 099 100 045 182 101 170 102 199 201 
  /*144-159*/  103 104 105 106 107 108 109 110 111 112 182 113 170 114 199 197 
  /*160-175*/  033 035 040 041 042 043 115 116 117 118 135 119 120 121 122 123 
  /*176-191*/  124 054 066 068 125 126 127 128 129 064 172 130 059 060 061 081
  /*192-207*/  133 133 133 133 133 133 133 139 145 145 145 145 156 156 156 156
  /*208-223*/  143 168 170 170 170 170 170 057 174 189 189 189 189 197 187 000
  /*224-239*/  133 133 133 133 133 133 133 139 145 145 145 145 156 156 156 156
  /*240-255*/  143 168 170 170 170 170 170 058 174 189 189 189 189 197 187 197 
ENDTABLE
CASE-SENSITIVE-SORT
  /*000-015*/  000 001 002 003 004 005 006 007 008 009 010 011 012 013 014 015 
  /*016-031*/  016 017 018 019 020 021 022 023 024 025 026 027 028 029 030 031
  /*032-047*/  032 034 036 037 038 044 046 047 048 049 050 051 052 053 055 056 
  /*048-063*/  062 063 065 067 069 070 071 072 073 074 075 076 077 078 079 080 
  /*064-079*/  082 133 137 139 141 145 149 152 154 156 158 160 162 164 166 170
  /*080-095*/  176 178 180 182 185 189 191 193 195 197 199 083 084 085 086 087
  /*096-111*/  088 134 138 140 142 146 150 153 155 157 159 161 163 165 167 171
  /*112-127*/  177 179 181 183 186 190 192 194 196 198 200 089 090 091 092 093
  /*128-143*/  039 094 095 151 096 097 098 099 100 045 182 101 170 102 199 201
  /*144-159*/  103 104 105 106 107 108 109 110 111 112 183 113 171 114 200 197 
  /*160-175*/  033 035 040 041 042 043 115 116 117 118 135 119 120 121 122 123
  /*176-191*/  124 054 066 068 125 126 127 128 129 064 172 130 059 060 061 081 
  /*192-207*/  133 133 133 133 133 133 133 139 145 145 145 145 156 156 156 156
  /*208-223*/  143 168 170 170 170 170 170 057 174 189 189 189 189 197 187 000
  /*224-239*/  134 134 134 134 134 134 134 140 146 146 146 146 157 157 157 157
  /*240-255*/  144 169 171 171 171 171 171 058 175 190 190 190 190 198 188 198
ENDTABLE
ENDCOLLATION


#---------------------------------------------------------------------------
# Collation tables for code page 1252 and collation Danish
COLLATION
CODEPAGE-NAME 1252
COLLATION-NAME DANISH
COLLATION-TRANSLATION-VERSION 1.0-16
CASE-INSENSITIVE-SORT
  /*000-015*/  000 001 002 003 004 005 006 007 008 009 010 011 012 013 014 015
  /*016-031*/  016 017 018 019 020 021 022 023 024 025 026 027 028 029 030 031
  /*032-047*/  032 033 034 035 036 037 038 039 040 041 042 043 044 045 046 047
  /*048-063*/  048 049 050 051 052 053 054 055 056 057 058 059 060 061 062 063
  /*064-079*/  064 065 067 069 071 073 075 077 079 081 083 085 087 089 091 093
  /*080-095*/  095 097 099 101 103 105 107 109 111 113 117 125 126 127 128 129
  /*096-111*/  130 065 067 069 071 073 075 077 079 081 083 085 087 089 091 093
  /*112-127*/  095 097 099 101 103 105 107 109 111 113 117 131 132 133 134 135
  /*128-143*/  136 137 138 139 140 141 142 143 144 145 101 147 121 149 117 166
  /*144-159*/  152 153 154 155 156 157 158 159 160 161 101 163 121 165 117 113
  /*160-175*/  168 169 170 171 172 173 174 175 176 177 178 179 180 181 182 183
  /*176-191*/  184 185 186 187 188 189 190 191 192 193 194 195 196 197 198 199
  /*192-207*/  065 065 065 065 119 123 119 069 073 073 073 073 081 081 081 081
  /*208-223*/  200 091 093 093 093 093 121 202 121 105 105 105 115 113 203 205
  /*224-239*/  065 065 065 065 119 123 119 069 073 073 073 073 081 081 081 081
  /*240-255*/  200 091 093 093 093 093 121 206 121 105 105 105 115 113 203 113
ENDTABLE
CASE-SENSITIVE-SORT
  /*000-015*/  000 001 002 003 004 005 006 007 008 009 010 011 012 013 014 015
  /*016-031*/  016 017 018 019 020 021 022 023 024 025 026 027 028 029 030 031
  /*032-047*/  032 033 034 035 036 037 038 039 040 041 042 043 044 045 046 047
  /*048-063*/  048 049 050 051 052 053 054 055 056 057 058 059 060 061 062 063
  /*064-079*/  064 065 067 069 071 073 075 077 079 081 083 085 087 089 091 093
  /*080-095*/  095 097 099 101 103 105 107 109 111 113 117 125 126 127 128 129
  /*096-111*/  130 066 068 070 072 074 076 078 080 082 084 086 088 090 092 094
  /*112-127*/  096 098 100 102 104 106 108 110 112 114 118 131 132 133 134 135
  /*128-143*/  136 137 138 139 140 141 142 143 144 145 101 147 121 149 117 166
  /*144-159*/  152 153 154 155 156 157 158 159 160 161 102 163 122 165 118 113
  /*160-175*/  168 169 170 171 172 173 174 175 176 177 178 179 180 181 182 183
  /*176-191*/  184 185 186 187 188 189 190 191 192 193 194 195 196 197 198 199
  /*192-207*/  065 065 065 065 119 123 119 069 073 073 073 073 081 081 081 081
  /*208-223*/  200 091 093 093 093 093 121 202 121 105 105 105 115 113 203 205
  /*224-239*/  066 066 066 066 120 124 120 070 074 074 074 074 082 082 082 082
  /*240-255*/  201 092 094 094 094 094 122 206 122 106 106 106 116 114 204 207
ENDTABLE
ENDCOLLATION


#---------------------------------------------------------------------------
# Collation tables for code page 1252 and collation Finnish
COLLATION
CODEPAGE-NAME 1252
COLLATION-NAME FINNISH
COLLATION-TRANSLATION-VERSION 1.0-16
CASE-INSENSITIVE-SORT
  /*000-015*/  000 001 002 003 004 005 006 007 008 009 010 011 012 013 014 015 
  /*016-031*/  016 017 018 019 020 021 022 023 024 025 026 027 028 029 030 031 
  /*032-047*/  032 033 034 035 036 037 038 039 040 041 042 043 044 045 046 047 
  /*048-063*/  048 049 050 051 052 053 054 055 056 057 058 059 060 061 062 063 
  /*064-079*/  064 065 067 069 071 073 075 077 079 081 083 085 087 089 091 093 
  /*080-095*/  095 097 099 101 103 105 107 109 111 113 115 123 124 125 126 127 
  /*096-111*/  128 065 067 069 071 073 075 077 079 081 083 085 087 089 091 093 
  /*112-127*/  095 097 099 101 103 105 107 109 111 113 115 129 130 131 132 133 
  /*128-143*/  134 135 136 137 138 139 140 141 142 143 101 145 121 147 115 164 
  /*144-159*/  150 151 152 153 154 155 156 157 158 159 101 161 121 163 115 113 
  /*160-175*/  166 167 168 169 170 171 172 173 174 175 176 177 178 179 180 181 
  /*176-191*/  182 183 184 185 186 187 188 189 190 191 192 193 194 195 196 197 
  /*192-207*/  065 065 065 065 119 117 065 069 073 073 073 073 081 081 081 081 
  /*208-223*/  071 091 093 093 093 093 121 198 093 105 105 105 105 113 199 201 
  /*224-239*/  065 065 065 065 119 117 065 069 073 073 073 073 081 081 081 081 
  /*240-255*/  071 091 093 093 093 093 121 202 093 105 105 105 105 113 199 113 
ENDTABLE
CASE-SENSITIVE-SORT
  /*000-015*/  000 001 002 003 004 005 006 007 008 009 010 011 012 013 014 015 
  /*016-031*/  016 017 018 019 020 021 022 023 024 025 026 027 028 029 030 031 
  /*032-047*/  032 033 034 035 036 037 038 039 040 041 042 043 044 045 046 047 
  /*048-063*/  048 049 050 051 052 053 054 055 056 057 058 059 060 061 062 063 
  /*064-079*/  064 065 067 069 071 073 075 077 079 081 083 085 087 089 091 093 
  /*080-095*/  095 097 099 101 103 105 107 109 111 113 115 123 124 125 126 127 
  /*096-111*/  128 066 068 070 072 074 076 078 080 082 084 086 088 090 092 094 
  /*112-127*/  096 098 100 102 104 106 108 110 112 114 116 129 130 131 132 133 
  /*128-143*/  134 135 136 137 138 139 140 141 142 143 101 145 121 147 115 164 
  /*144-159*/  150 151 152 153 154 155 156 157 158 159 102 161 122 163 116 113 
  /*160-175*/  166 167 168 169 170 171 172 173 174 175 176 177 178 179 180 181 
  /*176-191*/  182 183 184 185 186 187 188 189 190 191 192 193 194 195 196 197 
  /*192-207*/  065 065 065 065 119 117 065 069 073 073 073 073 081 081 081 081 
  /*208-223*/  071 091 093 093 093 093 121 198 093 105 105 105 105 113 199 201 
  /*224-239*/  066 066 066 066 120 118 066 070 074 074 074 074 082 082 082 082 
  /*240-255*/  072 092 094 094 094 094 122 202 094 106 106 106 106 114 200 203 
ENDTABLE
ENDCOLLATION

#---------------------------------------------------------------------------
# Collation tables for code page 1252 and collation German-Library
COLLATION
CODEPAGE-NAME 1252
COLLATION-NAME GERMAN-LIBRARY
COLLATION-TRANSLATION-VERSION 1.0-16
CASE-INSENSITIVE-SORT
  /*000-015*/  000 001 002 003 004 005 006 007 008 009 010 011 012 013 014 015
  /*016-031*/  016 017 018 019 020 021 022 023 024 025 026 027 028 029 254 255
  /*032-047*/  030 031 032 033 034 035 036 037 038 039 040 041 042 043 044 045
  /*048-063*/  046 047 048 049 050 051 052 053 054 055 056 057 058 059 060 061
  /*064-079*/  062 063 065 066 067 068 069 070 071 072 073 074 075 076 077 078
  /*080-095*/  080 081 082 083 084 085 087 088 089 090 091 121 122 123 124 125
  /*096-111*/  126 063 065 066 067 068 069 070 071 072 073 074 075 076 077 078
  /*112-127*/  080 081 082 083 084 085 087 088 089 090 091 127 128 129 130 131
  /*128-143*/  132 133 134 135 136 137 138 139 140 141 083 142 079 143 091 158
  /*144-159*/  146 147 148 149 150 151 152 153 154 155 083 156 079 157 091 090
  /*160-175*/  160 161 162 163 164 165 166 167 168 169 170 171 172 173 174 175
  /*176-191*/  176 177 178 179 180 181 182 183 184 185 186 187 188 189 190 191
  /*192-207*/  063 063 063 063 064 063 064 066 068 068 068 068 072 072 072 072
  /*208-223*/  067 077 078 078 078 078 079 192 079 085 085 085 086 090 193 000
  /*224-239*/  063 063 063 063 064 063 064 066 068 068 068 068 072 072 072 072
  /*240-255*/  067 077 078 078 078 078 079 195 079 085 085 085 086 090 193 090
ENDTABLE
CASE-SENSITIVE-SORT
  /*000-015*/  000 001 002 003 004 005 006 007 008 009 010 011 012 013 014 015
  /*016-031*/  016 017 018 019 020 021 022 023 024 025 026 027 028 029 254 255
  /*032-047*/  030 031 032 033 034 035 036 037 038 039 040 041 042 043 044 045
  /*048-063*/  046 047 048 049 050 051 052 053 054 055 056 057 058 059 060 061
  /*064-079*/  062 063 065 066 067 068 069 070 071 072 073 074 075 076 077 078
  /*080-095*/  080 081 082 083 084 085 087 088 089 090 091 121 122 123 124 125
  /*096-111*/  126 092 094 095 096 097 098 099 100 101 102 103 104 105 106 107
  /*112-127*/  109 110 111 112 113 114 116 117 118 119 120 127 128 129 130 131
  /*128-143*/  132 133 134 135 136 137 138 139 140 141 083 142 079 143 091 158
  /*144-159*/  146 147 148 149 150 151 152 153 154 155 112 156 108 157 120 090
  /*160-175*/  160 161 162 163 164 165 166 167 168 169 170 171 172 173 174 175
  /*176-191*/  176 177 178 179 180 181 182 183 184 185 186 187 188 189 190 191
  /*192-207*/  063 063 063 063 064 063 064 066 068 068 068 068 072 072 072 072
  /*208-223*/  067 077 078 078 078 078 079 192 079 085 085 085 086 090 193 000
  /*224-239*/  092 092 092 092 093 092 093 095 097 097 097 097 101 101 101 101
  /*240-255*/  096 106 107 107 107 107 108 195 108 114 114 114 115 119 194 119
ENDTABLE
ENDCOLLATION

#---------------------------------------------------------------------------
# Collation tables for code page 1252 and collation German9 (V9 German-Library)
COLLATION
CODEPAGE-NAME 1252
COLLATION-NAME GERMAN9
COLLATION-TRANSLATION-VERSION 1.1-16
CASE-INSENSITIVE-SORT
  /*000-015*/  000 001 002 003 004 005 006 007 008 009 010 011 012 013 014 015
  /*016-031*/  016 017 018 019 020 021 022 023 024 025 026 027 028 029 254 255
  /*032-047*/  030 031 032 033 034 035 036 037 038 039 040 041 042 043 044 045
  /*048-063*/  046 047 048 049 050 051 052 053 054 055 056 057 058 059 060 061
  /*064-079*/  062 063 065 066 067 068 069 070 071 072 073 074 075 076 077 078
  /*080-095*/  080 081 082 083 084 085 087 088 089 090 091 121 122 123 124 125
  /*096-111*/  126 063 065 066 067 068 069 070 071 072 073 074 075 076 077 078
  /*112-127*/  080 081 082 083 084 085 087 088 089 090 091 127 128 129 130 131
  /*128-143*/  132 133 134 135 136 137 138 139 140 141 083 142 079 143 091 158
  /*144-159*/  146 147 148 149 150 151 152 153 154 155 083 156 079 157 091 090
  /*160-175*/  160 161 162 163 164 165 166 167 168 169 170 171 172 173 174 175
  /*176-191*/  176 177 178 179 180 181 182 183 184 185 186 187 188 189 190 191
  /*192-207*/  063 063 063 063 064 063 064 066 068 068 068 068 072 072 072 072
  /*208-223*/  067 077 078 078 078 078 079 192 079 085 085 085 086 090 193 000
  /*224-239*/  063 063 063 063 064 063 064 066 068 068 068 068 072 072 072 072
  /*240-255*/  067 077 078 078 078 078 079 195 079 085 085 085 086 090 193 090
ENDTABLE
CASE-SENSITIVE-SORT
  /*000-015*/  000 001 002 003 004 005 006 007 008 009 010 011 012 013 014 015
  /*016-031*/  016 017 018 019 020 021 022 023 024 025 026 027 028 029 254 255
  /*032-047*/  030 031 032 033 034 035 036 037 038 039 040 041 042 043 044 045
  /*048-063*/  046 047 048 049 050 051 052 053 054 055 056 057 058 059 060 061
  /*064-079*/  062 063 065 066 067 068 069 070 071 072 073 074 075 076 077 078
  /*080-095*/  080 081 082 083 084 085 087 088 089 090 091 121 122 123 124 125
  /*096-111*/  126 092 094 095 096 097 098 099 100 101 102 103 104 105 106 107
  /*112-127*/  109 110 111 112 113 114 116 117 118 119 120 127 128 129 130 131
  /*128-143*/  132 133 134 135 136 137 138 139 140 141 083 142 079 143 091 158
  /*144-159*/  146 147 148 149 150 151 152 153 154 155 112 156 108 157 120 090
  /*160-175*/  160 161 162 163 164 165 166 167 168 169 170 171 172 173 174 175
  /*176-191*/  176 177 178 179 180 181 182 183 184 185 186 187 188 189 190 191
  /*192-207*/  063 063 063 063 064 063 064 066 068 068 068 068 072 072 072 072
  /*208-223*/  067 077 078 078 078 078 079 192 079 085 085 085 086 090 193 000
  /*224-239*/  092 092 092 092 093 092 093 095 097 097 097 097 101 101 101 101
  /*240-255*/  096 106 107 107 107 107 108 195 108 114 114 114 115 119 194 119
ENDTABLE
ENDCOLLATION

#---------------------------------------------------------------------------
# Collation tables for code page 1252 and collation Icelandic
COLLATION
CODEPAGE-NAME 1252
COLLATION-NAME ICELANDIC
COLLATION-TRANSLATION-VERSION 1.0-16
CASE-INSENSITIVE-SORT
  /*000-015*/  000 001 002 003 004 005 006 007 008 009 010 011 012 013 014 015
  /*016-031*/  016 017 018 019 020 021 022 023 024 025 026 027 028 029 030 031
  /*032-047*/  032 033 034 035 036 037 038 039 040 041 042 043 044 045 046 047
  /*048-063*/  048 049 050 051 052 053 054 055 056 057 058 059 060 061 062 063
  /*064-079*/  064 065 069 071 073 077 081 083 085 087 091 093 095 097 099 101
  /*080-095*/  105 107 109 111 113 115 119 121 123 125 129 137 138 139 140 141
  /*096-111*/  142 065 069 071 073 077 081 083 085 087 091 093 095 097 099 101
  /*112-127*/  105 107 109 111 113 115 119 121 123 125 129 143 144 145 146 147
  /*128-143*/  148 149 150 151 152 153 154 155 156 157 111 159 135 161 129 178
  /*144-159*/  164 165 166 167 168 169 170 171 172 173 111 175 135 177 129 125
  /*160-175*/  180 181 182 183 184 185 186 187 188 189 190 191 192 193 194 195
  /*176-191*/  196 197 198 199 200 201 202 203 204 205 206 207 208 209 210 211
  /*192-207*/  065 067 065 065 065 065 133 071 077 079 077 077 087 089 087 087
  /*208-223*/  075 099 101 103 101 101 135 212 101 115 117 115 115 127 131 213
  /*224-239*/  065 067 065 065 065 065 133 071 077 079 077 077 087 089 087 087
  /*240-255*/  075 099 101 103 101 101 135 214 101 115 117 115 115 127 131 125
ENDTABLE
CASE-SENSITIVE-SORT
  /*000-015*/  000 001 002 003 004 005 006 007 008 009 010 011 012 013 014 015
  /*016-031*/  016 017 018 019 020 021 022 023 024 025 026 027 028 029 030 031
  /*032-047*/  032 033 034 035 036 037 038 039 040 041 042 043 044 045 046 047
  /*048-063*/  048 049 050 051 052 053 054 055 056 057 058 059 060 061 062 063
  /*064-079*/  064 065 069 071 073 077 081 083 085 087 091 093 095 097 099 101
  /*080-095*/  105 107 109 111 113 115 119 121 123 125 129 137 138 139 140 141
  /*096-111*/  142 066 070 072 074 078 082 084 086 088 092 094 096 098 100 102
  /*112-127*/  106 108 110 112 114 116 120 122 124 126 130 143 144 145 146 147
  /*128-143*/  148 149 150 151 152 153 154 155 156 157 111 159 135 161 129 178
  /*144-159*/  164 165 166 167 168 169 170 171 172 173 112 175 136 177 130 125
  /*160-175*/  180 181 182 183 184 185 186 187 188 189 190 191 192 193 194 195
  /*176-191*/  196 197 198 199 200 201 202 203 204 205 206 207 208 209 210 211
  /*192-207*/  065 067 065 065 065 065 133 071 077 079 077 077 087 089 087 087
  /*208-223*/  075 099 101 103 101 101 135 212 101 115 117 115 115 127 131 213
  /*224-239*/  066 068 066 066 066 066 134 072 078 080 078 078 088 090 088 088
  /*240-255*/  076 100 102 104 102 102 136 214 102 116 118 116 116 128 132 126
ENDTABLE
ENDCOLLATION

#---------------------------------------------------------------------------
# Collation tables for code page 1252 and collation Norwegian
COLLATION
CODEPAGE-NAME 1252
COLLATION-NAME NORWEGIAN
COLLATION-TRANSLATION-VERSION 1.0-16
CASE-INSENSITIVE-SORT
  /*000-015*/  000 001 002 003 004 005 006 007 008 009 010 011 012 013 014 015
  /*016-031*/  016 017 018 019 020 021 022 023 024 025 026 027 028 029 030 031
  /*032-047*/  032 033 034 035 036 037 038 039 040 041 042 043 044 045 046 047
  /*048-063*/  048 049 050 051 052 053 054 055 056 057 058 059 060 061 062 063
  /*064-079*/  064 065 067 069 071 073 075 077 079 081 083 085 087 089 091 093
  /*080-095*/  095 097 099 101 103 105 107 109 111 113 117 125 126 127 128 129
  /*096-111*/  130 065 067 069 071 073 075 077 079 081 083 085 087 089 091 093
  /*112-127*/  095 097 099 101 103 105 107 109 111 113 117 131 132 133 134 135
  /*128-143*/  136 137 138 139 140 141 142 143 144 145 101 147 121 149 117 166
  /*144-159*/  152 153 154 155 156 157 158 159 160 161 101 163 121 165 117 113
  /*160-175*/  168 169 170 171 172 173 174 175 176 177 178 179 180 181 182 183
  /*176-191*/  184 185 186 187 188 189 190 191 192 193 194 195 196 197 198 199
  /*192-207*/  065 065 065 065 119 123 119 069 073 073 073 073 081 081 081 081
  /*208-223*/  200 091 093 093 093 093 121 202 121 105 105 105 115 113 203 205
  /*224-239*/  065 065 065 065 119 123 119 069 073 073 073 073 081 081 081 081
  /*240-255*/  200 091 093 093 093 093 121 206 121 105 105 105 115 113 203 113
ENDTABLE
CASE-SENSITIVE-SORT
  /*000-015*/  000 001 002 003 004 005 006 007 008 009 010 011 012 013 014 015
  /*016-031*/  016 017 018 019 020 021 022 023 024 025 026 027 028 029 030 031
  /*032-047*/  032 033 034 035 036 037 038 039 040 041 042 043 044 045 046 047
  /*048-063*/  048 049 050 051 052 053 054 055 056 057 058 059 060 061 062 063
  /*064-079*/  064 065 067 069 071 073 075 077 079 081 083 085 087 089 091 093
  /*080-095*/  095 097 099 101 103 105 107 109 111 113 117 125 126 127 128 129
  /*096-111*/  130 066 068 070 072 074 076 078 080 082 084 086 088 090 092 094
  /*112-127*/  096 098 100 102 104 106 108 110 112 114 118 131 132 133 134 135
  /*128-143*/  136 137 138 139 140 141 142 143 144 145 101 147 121 149 117 166
  /*144-159*/  152 153 154 155 156 157 158 159 160 161 102 163 122 165 118 113
  /*160-175*/  168 169 170 171 172 173 174 175 176 177 178 179 180 181 182 183
  /*176-191*/  184 185 186 187 188 189 190 191 192 193 194 195 196 197 198 199
  /*192-207*/  065 065 065 065 119 123 119 069 073 073 073 073 081 081 081 081
  /*208-223*/  200 091 093 093 093 093 121 202 121 105 105 105 115 113 203 205
  /*224-239*/  066 066 066 066 120 124 120 070 074 074 074 074 082 082 082 082
  /*240-255*/  201 092 094 094 094 094 122 206 122 106 106 106 116 114 204 114
ENDTABLE
ENDCOLLATION


# Collation tables for code page 1252 and collation SPANISH
COLLATION
CODEPAGE-NAME 1252
COLLATION-NAME SPANISH9
COLLATION-TRANSLATION-VERSION 1.1-16
CASE-INSENSITIVE-SORT
  /*000-015*/  000 001 002 003 004 005 006 007 008 009 010 011 012 013 014 015
  /*016-031*/  016 017 018 019 020 021 022 023 024 025 026 027 028 029 030 031
  /*032-047*/  032 033 034 035 036 037 038 039 040 041 042 043 044 045 046 047
  /*048-063*/  048 049 050 051 052 053 054 055 056 057 058 059 060 061 062 063
  /*064-079*/  064 065 066 067 068 069 070 071 072 073 074 075 076 077 078 080
  /*080-095*/  081 082 083 084 085 086 087 088 089 090 091 092 093 094 095 096
  /*096-111*/  097 065 066 067 068 069 070 071 072 073 074 075 076 077 078 080
  /*112-127*/  081 082 083 084 085 086 087 088 089 090 091 123 124 125 126 127
  /*128-143*/  176 177 178 179 180 185 186 187 188 191 084 193 080 195 091 254
  /*144-159*/  200 201 202 203 204 205 206 213 217 218 084 220 080 242 091 090
  /*160-175*/  255 173 189 156 207 190 221 245 249 184 229 174 199 240 199 238
  /*176-191*/  248 241 253 252 239 230 244 250 247 251 229 175 172 171 243 168
  /*192-207*/  065 065 065 065 065 065 065 067 069 069 069 069 073 073 073 073
  /*208-223*/  068 079 080 080 080 080 080 158 080 086 086 086 086 090 222 234
  /*224-239*/  065 065 065 065 065 065 065 067 069 069 069 069 073 073 073 073
  /*240-255*/  068 079 080 080 080 080 080 246 080 086 086 086 086 090 222 090
ENDTABLE
CASE-SENSITIVE-SORT
  /*000-015*/  000 001 002 003 004 005 006 007 008 009 010 011 012 013 014 015
  /*016-031*/  016 017 018 019 020 021 022 023 024 025 026 027 028 029 030 031
  /*032-047*/  032 033 034 035 036 037 038 039 040 041 042 043 044 045 046 047
  /*048-063*/  048 049 050 051 052 053 054 055 056 057 058 059 060 061 062 063
  /*064-079*/  064 065 066 067 068 069 070 071 072 073 074 075 076 077 078 080
  /*080-095*/  081 082 083 084 085 086 087 088 089 090 091 092 093 094 095 096
  /*096-111*/  097 098 099 100 101 102 103 104 105 106 107 108 109 110 111 113
  /*112-127*/  114 115 116 117 118 119 120 121 122 123 124 125 126 127 128 129
  /*128-143*/  176 177 178 179 180 185 186 187 188 191 084 193 080 195 091 254
  /*144-159*/  200 201 202 203 204 205 206 213 217 218 117 220 113 242 124 090
  /*160-175*/  255 173 189 156 207 190 221 245 249 184 229 174 199 240 198 238
  /*176-191*/  248 241 253 252 239 230 244 250 247 251 229 175 172 171 243 168
  /*192-207*/  065 065 065 065 065 065 065 067 069 069 069 069 073 073 073 073
  /*208-223*/  068 079 080 080 080 080 080 158 080 086 086 086 086 090 232 233
  /*224-239*/  098 098 098 098 098 098 098 100 102 102 102 102 106 106 106 106
  /*240-255*/  101 112 113 113 113 113 113 246 113 119 119 119 119 123 231 123
ENDTABLE
ENDCOLLATION


#---------------------------------------------------------------------------
# Collation tables for code page 1252 and collation Swedish
COLLATION
CODEPAGE-NAME 1252
COLLATION-NAME SWEDISH
COLLATION-TRANSLATION-VERSION 1.0-16
CASE-INSENSITIVE-SORT
  /*000-015*/  000 001 002 003 004 005 006 007 008 009 010 011 012 013 014 015 
  /*016-031*/  016 017 018 019 020 021 022 023 024 025 026 027 028 029 030 031 
  /*032-047*/  032 033 034 035 036 037 038 039 040 041 042 043 044 045 046 047 
  /*048-063*/  048 049 050 051 052 053 054 055 056 057 058 059 060 061 062 063 
  /*064-079*/  064 065 067 069 071 073 075 077 079 081 083 085 087 089 091 093 
  /*080-095*/  095 097 099 101 103 105 107 109 111 113 115 123 124 125 126 127 
  /*096-111*/  128 065 067 069 071 073 075 077 079 081 083 085 087 089 091 093 
  /*112-127*/  095 097 099 101 103 105 107 109 111 113 115 129 130 131 132 133 
  /*128-143*/  134 135 136 137 138 139 140 141 142 143 121 145 101 147 115 164 
  /*144-159*/  150 151 152 153 154 155 156 157 158 159 121 161 101 163 115 113 
  /*160-175*/  166 167 168 169 170 171 172 173 174 175 176 177 178 179 180 181 
  /*176-191*/  182 183 184 185 186 187 188 189 190 191 192 193 194 195 196 197 
  /*192-207*/  065 065 065 065 119 117 065 069 073 073 073 073 081 081 081 081 
  /*208-223*/  071 091 093 093 093 093 121 198 093 105 105 105 105 113 199 201 
  /*224-239*/  065 065 065 065 119 117 065 069 073 073 073 073 081 081 081 081 
  /*240-255*/  071 091 093 093 093 093 121 202 093 105 105 105 105 113 199 113 
ENDTABLE
CASE-SENSITIVE-SORT
  /*000-015*/  000 001 002 003 004 005 006 007 008 009 010 011 012 013 014 015 
  /*016-031*/  016 017 018 019 020 021 022 023 024 025 026 027 028 029 030 031 
  /*032-047*/  032 033 034 035 036 037 038 039 040 041 042 043 044 045 046 047 
  /*048-063*/  048 049 050 051 052 053 054 055 056 057 058 059 060 061 062 063 
  /*064-079*/  064 065 067 069 071 073 075 077 079 081 083 085 087 089 091 093 
  /*080-095*/  095 097 099 101 103 105 107 109 111 113 115 123 124 125 126 127 
  /*096-111*/  128 066 068 070 072 074 076 078 080 082 084 086 088 090 092 094 
  /*112-127*/  096 098 100 102 104 106 108 110 112 114 116 129 130 131 132 133 
  /*128-143*/  134 135 136 137 138 139 140 141 142 143 121 145 101 147 115 164 
  /*144-159*/  150 151 152 153 154 155 156 157 158 159 122 161 102 163 116 113 
  /*160-175*/  166 167 168 169 170 171 172 173 174 175 176 177 178 179 180 181 
  /*176-191*/  182 183 184 185 186 187 188 189 190 191 192 193 194 195 196 197 
  /*192-207*/  065 065 065 065 119 117 065 069 073 073 073 073 081 081 081 081 
  /*208-223*/  071 091 093 093 093 093 121 198 093 105 105 105 105 113 199 201 
  /*224-239*/  066 066 066 066 120 118 066 070 074 074 074 074 082 082 082 082 
  /*240-255*/  072 092 094 094 094 094 122 202 094 106 106 106 106 114 200 114 
ENDTABLE
ENDCOLLATION

#--------------------------------------
CONVERT
SOURCE-NAME "ISO8859-1"
TARGET-NAME "1252"
TYPE "1"
  /*000-015*/  000 001 002 003 004 005 006 007 008 009 010 011 012 013 014 015
  /*016-031*/  016 017 018 019 020 021 022 023 024 025 026 027 028 029 030 031
  /*032-047*/  032 033 034 035 036 037 038 039 040 041 042 043 044 045 046 047
  /*048-063*/  048 049 050 051 052 053 054 055 056 057 058 059 060 061 062 063
  /*064-079*/  064 065 066 067 068 069 070 071 072 073 074 075 076 077 078 079
  /*080-095*/  080 081 082 083 084 085 086 087 088 089 090 091 092 093 094 095
  /*096-111*/  096 097 098 099 100 101 102 103 104 105 106 107 108 109 110 111
  /*112-127*/  112 113 114 115 116 117 118 119 120 121 122 123 124 125 126 127
  /*128-143*/  128 129 130 131 132 133 134 135 136 137 138 139 140 141 142 143
  /*144-159*/  144 145 146 147 148 149 150 151 152 153 154 155 156 157 158 159
  /*160-175*/  160 161 162 163 164 165 166 167 168 169 170 171 172 173 174 175
  /*176-191*/  176 177 178 179 180 181 182 183 184 185 186 187 188 189 190 191
  /*192-207*/  192 193 194 195 196 197 198 199 200 201 202 203 204 205 206 207
  /*208-223*/  208 209 210 211 212 213 214 215 216 217 218 219 220 221 222 223
  /*224-239*/  224 225 226 227 228 229 230 231 232 233 234 235 236 237 238 239
  /*240-255*/  240 241 242 243 244 245 246 247 248 249 250 251 252 253 254 255
ENDTABLE
ENDCONVERT

# Conversions for Western European Code pages, including  EBCDIC code pages

#---------------------------------------------------------------------------
# This contains the data needed to convert from
# 1252 to IBM codepage 850
# This is the same as iso8859-1 to 850 conversion except 128 (Euro) maps
# to 213 (858 euro) and 151 now maps to 176 instead of 213

CONVERT
SOURCE-NAME "1252"
TARGET-NAME "IBM850"
TYPE "1"
  /*000-015*/  000 001 002 003 004 005 006 007 008 009 010 011 012 013 014 015
  /*016-031*/  016 017 018 019 020 021 022 023 024 025 026 027 028 029 030 031
  /*032-047*/  032 033 034 035 036 037 038 039 040 041 042 043 044 045 046 047
  /*048-063*/  048 049 050 051 052 053 054 055 056 057 058 059 060 061 062 063
  /*064-079*/  064 065 066 067 068 069 070 071 072 073 074 075 076 077 078 079
  /*080-095*/  080 081 082 083 084 085 086 087 088 089 090 091 092 093 094 095
  /*096-111*/  096 097 098 099 100 101 102 103 104 105 106 107 108 109 110 111
  /*112-127*/  112 113 114 115 116 117 118 119 120 121 122 123 124 125 126 127
  /*128-143*/  213 177 178 179 180 185 186 187 188 191 192 193 194 195 196 197
  /*144-159*/  200 201 202 203 204 205 206 176 217 218 219 220 223 242 254 159
  /*160-175*/  255 173 189 156 207 190 221 245 249 184 166 174 170 240 169 238
  /*176-191*/  248 241 253 252 239 230 244 250 247 251 167 175 172 171 243 168
  /*192-207*/  183 181 182 199 142 143 146 128 212 144 210 211 222 214 215 216
  /*208-223*/  209 165 227 224 226 229 153 158 157 235 233 234 154 237 232 225
  /*224-239*/  133 160 131 198 132 134 145 135 138 130 136 137 141 161 140 139
  /*240-255*/  208 164 149 162 147 228 148 246 155 151 163 150 129 236 231 152
ENDTABLE
ENDCONVERT

# Conversions for Western European Code pages, including  EBCDIC code pages

#---------------------------------------------------------------------------
# This contains the data needed to convert from
# 1252 to IBM codepage 858
# This is the same as iso8859-1 to 850 conversion except 128 (Euro) maps
# to 213 (858 euro) and 151 now maps to 176 instead of 213

CONVERT
SOURCE-NAME "1252"
TARGET-NAME "IBM858"
TYPE "1"
  /*000-015*/  000 001 002 003 004 005 006 007 008 009 010 011 012 013 014 015
  /*016-031*/  016 017 018 019 020 021 022 023 024 025 026 027 028 029 030 031
  /*032-047*/  032 033 034 035 036 037 038 039 040 041 042 043 044 045 046 047
  /*048-063*/  048 049 050 051 052 053 054 055 056 057 058 059 060 061 062 063
  /*064-079*/  064 065 066 067 068 069 070 071 072 073 074 075 076 077 078 079
  /*080-095*/  080 081 082 083 084 085 086 087 088 089 090 091 092 093 094 095
  /*096-111*/  096 097 098 099 100 101 102 103 104 105 106 107 108 109 110 111
  /*112-127*/  112 113 114 115 116 117 118 119 120 121 122 123 124 125 126 127
  /*128-143*/  213 177 178 179 180 185 186 187 188 191 192 193 194 195 196 197
  /*144-159*/  200 201 202 203 204 205 206 176 217 218 219 220 223 242 254 159
  /*160-175*/  255 173 189 156 207 190 221 245 249 184 166 174 170 240 169 238
  /*176-191*/  248 241 253 252 239 230 244 250 247 251 167 175 172 171 243 168
  /*192-207*/  183 181 182 199 142 143 146 128 212 144 210 211 222 214 215 216
  /*208-223*/  209 165 227 224 226 229 153 158 157 235 233 234 154 237 232 225
  /*224-239*/  133 160 131 198 132 134 145 135 138 130 136 137 141 161 140 139
  /*240-255*/  208 164 149 162 147 228 148 246 155 151 163 150 129 236 231 152
ENDTABLE
ENDCONVERT


#---------------------------------------------------------------------------
# This table converts from 1252 to IBM437. The IBM437 code page is
# missing many of the characters available in 1252 so this conversion
# is not a real one to one mapping.
CONVERT 
SOURCE-NAME "1252"
TARGET-NAME "IBM437"
TYPE "1"
  /*000-015*/  000 001 002 003 004 005 006 007 008 009 010 011 012 013 014 015
  /*016-031*/  016 017 018 019 020 021 022 023 024 025 026 027 028 029 030 031
  /*032-047*/  032 033 034 035 036 037 038 039 040 041 042 043 044 045 046 047
  /*048-063*/  048 049 050 051 052 053 054 055 056 057 058 059 060 061 062 063
  /*064-079*/  064 065 066 067 068 069 070 071 072 073 074 075 076 077 078 079
  /*080-095*/  080 081 082 083 084 085 086 087 088 089 090 091 092 093 094 095
  /*096-111*/  096 097 098 099 100 101 102 103 104 105 106 107 108 109 110 111
  /*112-127*/  112 113 114 115 116 117 118 119 120 121 122 123 124 125 126 127
  /*128-143*/  158 159 169 176 177 178 179 180 181 182 183 184 185 186 187 188
  /*144-159*/  189 190 191 192 193 194 195 196 197 198 199 200 201 202 203 204
  /*160-175*/  205 173 155 156 206 157 207 208 209 210 166 174 170 211 212 213
  /*176-191*/  248 241 253 214 215 230 216 250 217 218 167 175 172 171 219 168
  /*192-207*/  220 221 222 223 142 143 146 128 224 144 226 227 228 229 231 232
  /*208-223*/  233 165 234 235 236 237 153 238 239 240 242 243 154 244 245 225
  /*224-239*/  133 160 131 247 132 134 145 135 138 130 136 137 141 161 140 139
  /*240-255*/  249 164 149 162 147 251 148 246 252 151 163 150 129 254 255 152
ENDTABLE
ENDCONVERT


#---------------------------------------------------------------------------
# Conversion table for code page 1252 to code page IBM861
CONVERT
SOURCE-NAME "1252"
TARGET-NAME "IBM861"
TYPE "1"
  /*000-015*/  000 001 002 003 004 005 006 007 008 009 010 011 012 013 014 015
  /*016-031*/  251 017 018 019 252 254 022 023 024 025 026 027 028 029 030 031
  /*032-047*/  032 033 034 035 036 037 038 039 040 041 042 043 044 255 046 047
  /*048-063*/  048 049 050 051 052 053 054 055 056 057 058 059 060 061 062 063
  /*064-079*/  064 065 066 067 068 069 070 071 072 073 074 075 076 077 078 079
  /*080-095*/  080 081 082 083 084 085 086 087 088 089 090 091 092 093 094 095
  /*096-111*/  096 097 098 099 100 101 102 103 104 105 106 107 108 109 110 111
  /*112-127*/  112 113 114 115 116 117 118 119 120 121 122 123 124 125 126 127
  /*128-143*/  158 159 169 176 177 179 180 181 182 183 184 185 186 187 188 189
  /*144-159*/  190 191 192 193 194 195 196 197 198 199 200 201 202 203 204 205
  /*160-175*/  206 173 207 156 016 208 178 021 209 210 211 174 170 045 212 213
  /*176-191*/  248 241 253 214 215 230 020 250 216 217 218 175 172 171 219 168
  /*192-207*/  220 164 221 222 142 143 146 128 223 144 224 226 227 165 228 229
  /*208-223*/  139 231 232 166 233 234 153 235 157 236 167 237 154 151 141 225
  /*224-239*/  133 160 131 238 132 134 145 135 138 130 136 137 239 161 240 242
  /*240-255*/  140 243 244 162 147 245 148 246 155 247 163 150 129 152 149 249
ENDTABLE
ENDCONVERT


