#---------------------------------------------------------------------------
# Collation tables for code page iso8859-1 and collation v6-basic
COLLATION
CODEPAGE-NAME ISO8859-1
COLLATION-NAME V6-BASIC
COLLATION-TRANSLATION-VERSION 1.0-16
CASE-INSENSITIVE-SORT
  /*000-015*/  000 001 002 003 004 005 006 007 008 009 010 011 012 013 014 015
  /*016-031*/  016 017 018 019 020 021 022 023 024 025 026 027 028 029 030 031
  /*032-047*/  032 033 034 035 036 037 038 039 040 041 042 043 044 045 046 047
  /*048-063*/  048 049 050 051 052 053 054 055 056 057 058 059 060 061 062 063
  /*064-079*/  064 065 066 067 068 069 070 071 072 073 074 075 076 077 078 079
  /*080-095*/  080 081 082 083 084 085 086 087 088 089 090 091 092 093 094 095
  /*096-111*/  096 065 066 067 068 069 070 071 072 073 074 075 076 077 078 079
  /*112-127*/  080 081 082 083 084 085 086 087 088 089 090 123 124 125 126 127
  /*128-143*/  176 177 178 179 180 185 186 187 188 191 192 193 194 195 196 197
  /*144-159*/  200 201 202 203 204 205 206 213 217 218 219 220 223 242 000 158
  /*160-175*/  255 173 189 156 207 190 221 245 249 184 229 174 199 240 199 238
  /*176-191*/  248 241 253 252 239 230 244 250 247 251 229 175 172 171 243 168
  /*192-207*/  065 065 065 065 065 143 146 067 069 069 069 069 073 073 073 073
  /*208-223*/  209 078 079 079 079 229 079 158 157 085 085 079 085 089 232 000
  /*224-239*/  065 065 065 065 065 143 146 067 069 069 069 069 073 073 073 073
  /*240-255*/  208 078 079 079 079 228 079 246 157 085 085 085 085 089 231 089
ENDTABLE
CASE-SENSITIVE-SORT
  /*000-015*/  000 001 002 003 004 005 006 007 008 009 010 011 012 013 014 015
  /*016-031*/  016 017 018 019 020 021 022 023 024 025 026 027 028 029 030 031
  /*032-047*/  032 033 034 035 036 037 038 039 040 041 042 043 044 045 046 047
  /*048-063*/  048 049 050 051 052 053 054 055 056 057 058 059 060 061 062 063
  /*064-079*/  064 065 066 067 068 069 070 071 072 073 074 075 076 077 078 079
  /*080-095*/  080 081 082 083 084 085 086 087 088 089 090 091 092 093 094 095
  /*096-111*/  096 097 098 099 100 101 102 103 104 105 106 107 108 109 110 111
  /*112-127*/  112 113 114 115 116 117 118 119 120 121 122 123 124 125 126 127
  /*128-143*/  176 177 178 179 180 185 186 187 188 191 192 193 194 195 196 197
  /*144-159*/  200 201 202 203 204 205 206 213 217 218 219 220 223 242 000 159
  /*160-175*/  255 173 189 156 207 190 221 245 249 184 166 174 170 240 169 238
  /*176-191*/  248 241 253 252 239 230 244 250 247 251 167 175 172 171 243 168
  /*192-207*/  183 181 182 199 142 143 146 128 212 144 210 211 222 214 215 216
  /*208-223*/  209 165 227 224 226 229 153 158 157 235 233 234 154 237 232 225
  /*224-239*/  133 160 131 198 132 134 145 135 138 130 136 137 141 161 140 139
  /*240-255*/  208 164 149 162 147 228 148 246 155 151 163 150 129 236 231 152
ENDTABLE
ENDCOLLATION


#---------------------------------------------------------------------------
# Collation tables for code page iso8859-1 and collation 72-basic
COLLATION
CODEPAGE-NAME ISO8859-1
COLLATION-NAME 72-BASIC
COLLATION-TRANSLATION-VERSION 1.0-16
CASE-INSENSITIVE-SORT
  /*000-015*/  000 001 002 003 004 005 006 007 008 009 010 011 012 013 014 015
  /*016-031*/  016 017 018 019 020 021 022 023 024 025 026 027 028 029 030 031
  /*032-047*/  032 033 034 035 036 037 038 039 040 041 042 043 044 045 046 047
  /*048-063*/  048 049 050 051 052 053 054 055 056 057 058 059 060 061 062 063
  /*064-079*/  064 065 066 067 068 069 070 071 072 073 074 075 076 077 078 079
  /*080-095*/  080 081 082 083 084 085 086 087 088 089 090 091 092 093 094 095
  /*096-111*/  096 065 066 067 068 069 070 071 072 073 074 075 076 077 078 079
  /*112-127*/  080 081 082 083 084 085 086 087 088 089 090 123 124 125 126 127
  /*128-143*/  176 177 178 179 180 185 186 187 188 191 192 193 194 195 196 197
  /*144-159*/  200 201 202 203 204 205 206 213 217 218 219 220 223 242 000 158
  /*160-175*/  255 173 189 156 207 190 221 245 249 184 229 174 199 240 199 238
  /*176-191*/  248 241 253 252 239 230 244 250 247 251 229 175 172 171 243 168
  /*192-207*/  065 065 065 065 065 143 146 067 069 069 069 069 073 073 073 073
  /*208-223*/  209 078 079 079 079 229 079 158 157 085 085 079 085 089 232 000
  /*224-239*/  065 065 065 065 065 143 146 067 069 069 069 069 073 073 073 073
  /*240-255*/  208 078 079 079 079 228 079 246 157 085 085 085 085 089 231 089
ENDTABLE
CASE-SENSITIVE-SORT
  /*000-015*/  000 001 002 003 004 005 006 007 008 009 010 011 012 013 014 015
  /*016-031*/  016 017 018 019 020 021 022 023 024 025 026 027 028 029 030 031
  /*032-047*/  032 033 034 035 036 037 038 039 040 041 042 043 044 045 046 047
  /*048-063*/  048 049 050 051 052 053 054 055 056 057 058 059 060 061 062 063
  /*064-079*/  064 065 066 067 068 069 070 071 072 073 074 075 076 077 078 079
  /*080-095*/  080 081 082 083 084 085 086 087 088 089 090 091 092 093 094 095
  /*096-111*/  096 097 098 099 100 101 102 103 104 105 106 107 108 109 110 111
  /*112-127*/  112 113 114 115 116 117 118 119 120 121 122 123 124 125 126 127
  /*128-143*/  176 177 178 179 180 185 186 187 188 191 192 193 194 195 196 197
  /*144-159*/  200 201 202 203 204 205 206 213 217 218 219 220 223 242 000 158
  /*160-175*/  255 173 189 156 207 190 221 245 249 184 229 174 199 240 198 238
  /*176-191*/  248 241 253 252 239 230 244 250 247 251 229 175 172 171 243 168
  /*192-207*/  065 065 065 065 065 143 146 067 069 069 069 069 073 073 073 073
  /*208-223*/  209 078 079 079 079 229 079 158 157 085 085 079 085 089 232 000
  /*224-239*/  097 097 097 097 097 134 145 099 101 101 101 101 105 105 105 105
  /*240-255*/  208 110 111 111 111 228 111 246 155 117 117 117 117 121 231 121
ENDTABLE
ENDCOLLATION


#---------------------------------------------------------------------------
# Collation tables for code page iso8859-1 and collation v6-Danish
COLLATION
CODEPAGE-NAME ISO8859-1
COLLATION-NAME V6-DANISH
COLLATION-TRANSLATION-VERSION 1.0-16
CASE-INSENSITIVE-SORT
  /*000-015*/  000 001 002 003 004 005 006 007 008 009 010 011 012 013 014 015
  /*016-031*/  016 017 018 019 020 021 022 023 024 025 026 027 028 029 030 031
  /*032-047*/  032 033 034 035 036 037 038 039 040 041 042 043 044 045 046 047
  /*048-063*/  048 049 050 051 052 053 054 055 056 057 058 059 060 061 062 063
  /*064-079*/  064 065 066 067 068 069 070 071 072 073 074 075 076 077 078 079
  /*080-095*/  080 081 082 083 084 085 086 087 088 089 090 091 092 093 094 095
  /*096-111*/  096 065 066 067 068 069 070 071 072 073 074 075 076 077 078 079
  /*112-127*/  080 081 082 083 084 085 086 087 088 089 090 123 124 125 126 127
  /*128-143*/  176 177 178 179 180 185 186 187 188 191 192 193 194 195 196 197
  /*144-159*/  200 201 202 203 204 205 206 213 217 218 219 220 223 242 000 158
  /*160-175*/  255 173 189 156 207 190 221 245 249 184 229 174 199 240 199 238
  /*176-191*/  248 241 253 252 239 230 244 250 247 251 229 175 172 171 243 168
  /*192-207*/  065 065 065 065 120 122 120 067 069 069 069 069 073 073 073 073
  /*208-223*/  209 078 079 079 079 229 121 158 121 085 085 079 089 089 232 000
  /*224-239*/  065 065 065 065 120 122 120 067 069 069 069 069 073 073 073 073
  /*240-255*/  208 078 079 079 079 228 121 246 121 085 085 085 089 089 231 089
ENDTABLE
CASE-SENSITIVE-SORT
  /*000-015*/  000 001 002 003 004 005 006 007 008 009 010 011 012 013 014 015
  /*016-031*/  016 017 018 019 020 021 022 023 024 025 026 027 028 029 030 031
  /*032-047*/  032 033 034 035 036 037 038 039 040 041 042 043 044 045 046 047
  /*048-063*/  048 049 050 051 052 053 054 055 056 057 058 059 060 061 062 063
  /*064-079*/  064 065 066 067 068 069 070 071 072 073 074 075 076 077 078 079
  /*080-095*/  080 081 082 083 084 085 086 087 088 089 090 091 092 093 094 095
  /*096-111*/  096 097 098 099 100 101 102 103 104 105 106 107 108 109 110 111
  /*112-127*/  112 113 114 115 116 117 118 119 120 121 122 123 124 125 126 127
  /*128-143*/  176 177 178 179 180 185 186 187 188 191 192 193 194 195 196 197
  /*144-159*/  200 201 202 203 204 205 206 213 217 218 219 220 223 242 000 159
  /*160-175*/  255 173 189 156 207 190 221 245 249 184 166 174 170 240 169 238
  /*176-191*/  248 241 253 252 239 230 244 250 247 251 167 175 172 171 243 168
  /*192-207*/  183 181 182 199 142 143 146 128 212 144 210 211 222 214 215 216
  /*208-223*/  209 165 227 224 226 229 153 158 157 235 233 234 154 237 232 225
  /*224-239*/  133 160 131 198 132 134 145 135 138 130 136 137 141 161 140 139
  /*240-255*/  208 164 149 162 147 228 148 246 155 151 163 150 129 236 231 152
ENDTABLE
ENDCOLLATION


#---------------------------------------------------------------------------
# Collation tables for code page iso8859-1 and collation v6-Swedish
COLLATION
CODEPAGE-NAME ISO8859-1
COLLATION-NAME V6-SWEDISH
COLLATION-TRANSLATION-VERSION 1.0-16
CASE-INSENSITIVE-SORT
  /*000-015*/  000 001 002 003 004 005 006 007 008 009 010 011 012 013 014 015
  /*016-031*/  016 017 018 019 020 021 022 023 024 025 026 027 028 029 030 031
  /*032-047*/  032 033 034 035 036 037 038 039 040 041 042 043 044 045 046 047
  /*048-063*/  048 049 050 051 052 053 054 055 056 057 058 059 060 061 062 063
  /*064-079*/  064 065 066 067 068 069 070 071 072 073 074 075 076 077 078 079
  /*080-095*/  080 081 082 083 084 085 086 087 088 089 090 091 092 093 094 095
  /*096-111*/  096 065 066 067 068 069 070 071 072 073 074 075 076 077 078 079
  /*112-127*/  080 081 082 083 084 085 086 087 088 089 090 123 124 125 126 127
  /*128-143*/  176 177 178 179 180 185 186 187 188 191 192 193 194 195 196 197
  /*144-159*/  200 201 202 203 204 205 206 213 217 218 219 220 223 242 000 158
  /*160-175*/  255 173 189 156 207 190 221 245 249 184 229 174 199 240 199 238
  /*176-191*/  248 241 253 252 239 230 244 250 247 251 229 175 172 171 243 168
  /*192-207*/  065 065 065 065 121 120 146 067 069 069 069 069 073 073 073 073
  /*208-223*/  209 078 079 079 079 229 122 158 157 085 085 079 085 089 232 000
  /*224-239*/  065 065 065 065 121 120 146 067 069 069 069 069 073 073 073 073
  /*240-255*/  208 078 079 079 079 228 122 246 157 085 085 085 085 089 231 089
ENDTABLE
CASE-SENSITIVE-SORT
  /*000-015*/  000 001 002 003 004 005 006 007 008 009 010 011 012 013 014 015
  /*016-031*/  016 017 018 019 020 021 022 023 024 025 026 027 028 029 030 031
  /*032-047*/  032 033 034 035 036 037 038 039 040 041 042 043 044 045 046 047
  /*048-063*/  048 049 050 051 052 053 054 055 056 057 058 059 060 061 062 063
  /*064-079*/  064 065 066 067 068 069 070 071 072 073 074 075 076 077 078 079
  /*080-095*/  080 081 082 083 084 085 086 087 088 089 090 091 092 093 094 095
  /*096-111*/  096 097 098 099 100 101 102 103 104 105 106 107 108 109 110 111
  /*112-127*/  112 113 114 115 116 117 118 119 120 121 122 123 124 125 126 127
  /*128-143*/  176 177 178 179 180 185 186 187 188 191 192 193 194 195 196 197
  /*144-159*/  200 201 202 203 204 205 206 213 217 218 219 220 223 242 000 159
  /*160-175*/  255 173 189 156 207 190 221 245 249 184 166 174 170 240 169 238
  /*176-191*/  248 241 253 252 239 230 244 250 247 251 167 175 172 171 243 168
  /*192-207*/  183 181 182 199 142 143 146 128 212 144 210 211 222 214 215 216
  /*208-223*/  209 165 227 224 226 229 153 158 157 235 233 234 154 237 232 225
  /*224-239*/  133 160 131 198 132 134 145 135 138 130 136 137 141 161 140 139
  /*240-255*/  208 164 149 162 147 228 148 246 155 151 163 150 129 236 231 152
ENDTABLE
ENDCOLLATION



#---------------------------------------------------------------------------
# Collation tables for code page undefined and collation v6-basic
# This defaults to the values for ibm850 to maintain compatibility
# with v6
COLLATION
CODEPAGE-NAME UNDEFINED
COLLATION-NAME V6-BASIC
COLLATION-TRANSLATION-VERSION 1.0-16
CASE-INSENSITIVE-SORT
  /*000-015*/  000 001 002 003 004 005 006 007 008 009 010 011 012 013 014 015
  /*016-031*/  016 017 018 019 020 021 022 023 024 025 026 027 028 029 030 031
  /*032-047*/  032 033 034 035 036 037 038 039 040 041 042 043 044 045 046 047
  /*048-063*/  048 049 050 051 052 053 054 055 056 057 058 059 060 061 062 063
  /*064-079*/  064 065 066 067 068 069 070 071 072 073 074 075 076 077 078 079
  /*080-095*/  080 081 082 083 084 085 086 087 088 089 090 091 092 093 094 095
  /*096-111*/  096 065 066 067 068 069 070 071 072 073 074 075 076 077 078 079
  /*112-127*/  080 081 082 083 084 085 086 087 088 089 090 123 124 125 126 127
  /*128-143*/  067 085 069 065 065 065 143 067 069 069 069 073 073 073 065 143
  /*144-159*/  069 146 146 079 079 079 085 085 089 079 085 157 156 157 158 158
  /*160-175*/  065 073 079 085 078 078 229 229 168 199 199 171 172 173 174 175
  /*176-191*/  176 177 178 179 180 065 065 065 184 185 186 187 188 189 190 191
  /*192-207*/  192 193 194 195 196 197 065 065 200 201 202 203 204 205 206 207
  /*208-223*/  208 209 069 069 069 213 073 073 073 217 218 219 220 221 073 223
  /*224-239*/  079 000 079 079 228 229 230 231 232 085 079 085 089 089 238 239
  /*240-255*/  240 241 242 243 244 245 246 247 248 249 250 251 252 253 000 255
ENDTABLE
CASE-SENSITIVE-SORT
  /*000-015*/  000 001 002 003 004 005 006 007 008 009 010 011 012 013 014 015
  /*016-031*/  016 017 018 019 020 021 022 023 024 025 026 027 028 029 030 031
  /*032-047*/  032 033 034 035 036 037 038 039 040 041 042 043 044 045 046 047
  /*048-063*/  048 049 050 051 052 053 054 055 056 057 058 059 060 061 062 063
  /*064-079*/  064 065 066 067 068 069 070 071 072 073 074 075 076 077 078 079
  /*080-095*/  080 081 082 083 084 085 086 087 088 089 090 091 092 093 094 095
  /*096-111*/  096 097 098 099 100 101 102 103 104 105 106 107 108 109 110 111
  /*112-127*/  112 113 114 115 116 117 118 119 120 121 122 123 124 125 126 127
  /*128-143*/  128 129 130 131 132 133 134 135 136 137 138 139 140 141 142 143
  /*144-159*/  144 145 146 147 148 149 150 151 152 153 154 155 156 157 158 159
  /*160-175*/  160 161 162 163 164 165 166 167 168 169 170 171 172 173 174 175
  /*176-191*/  176 177 178 179 180 181 182 183 184 185 186 187 188 189 190 191
  /*192-207*/  192 193 194 195 196 197 198 199 200 201 202 203 204 205 206 207
  /*208-223*/  208 209 210 211 212 213 214 215 216 217 218 219 220 221 222 223
  /*224-239*/  224 225 226 227 228 229 230 231 232 233 234 235 236 237 238 239
  /*240-255*/  240 241 242 243 244 245 246 247 248 249 250 251 252 253 000 255
ENDTABLE
ENDCOLLATION

#---------------------------------------------------------------------------
# Collation tables for code page undefined and collation v6-Danish
# This defaults to the values for ibm850 to maintain compatibility
# with v6
COLLATION
CODEPAGE-NAME UNDEFINED
COLLATION-NAME V6-DANISH
COLLATION-TRANSLATION-VERSION 1.0-16
CASE-INSENSITIVE-SORT
  /*000-015*/  000 001 002 003 004 005 006 007 008 009 010 011 012 013 014 015
  /*016-031*/  016 017 018 019 020 021 022 023 024 025 026 027 028 029 030 031
  /*032-047*/  032 033 034 035 036 037 038 039 040 041 042 043 044 045 046 047
  /*048-063*/  048 049 050 051 052 053 054 055 056 057 058 059 060 061 062 063
  /*064-079*/  064 065 066 067 068 069 070 071 072 073 074 075 076 077 078 079
  /*080-095*/  080 081 082 083 084 085 086 087 088 089 090 091 092 093 094 095
  /*096-111*/  096 065 066 067 068 069 070 071 072 073 074 075 076 077 078 079
  /*112-127*/  080 081 082 083 084 085 086 087 088 089 090 123 124 125 126 127
  /*128-143*/  067 089 069 065 120 065 122 067 069 069 069 073 073 073 120 122
  /*144-159*/  069 120 120 079 121 079 085 085 089 121 089 121 156 121 158 158
  /*160-175*/  065 073 079 085 078 078 229 229 168 199 199 171 172 173 174 175
  /*176-191*/  176 177 178 179 180 065 065 065 184 185 186 187 188 189 190 191
  /*192-207*/  192 193 194 195 196 197 065 065 200 201 202 203 204 205 206 207
  /*208-223*/  208 209 069 069 069 213 073 073 073 217 218 219 220 221 073 223
  /*224-239*/  079 000 079 079 228 229 230 231 232 085 079 085 089 089 238 239
  /*240-255*/  240 241 242 243 244 245 246 247 248 249 250 251 252 253 000 255
ENDTABLE
CASE-SENSITIVE-SORT
  /*000-015*/  000 001 002 003 004 005 006 007 008 009 010 011 012 013 014 015
  /*016-031*/  016 017 018 019 020 021 022 023 024 025 026 027 028 029 030 031
  /*032-047*/  032 033 034 035 036 037 038 039 040 041 042 043 044 045 046 047
  /*048-063*/  048 049 050 051 052 053 054 055 056 057 058 059 060 061 062 063
  /*064-079*/  064 065 066 067 068 069 070 071 072 073 074 075 076 077 078 079
  /*080-095*/  080 081 082 083 084 085 086 087 088 089 090 091 092 093 094 095
  /*096-111*/  096 097 098 099 100 101 102 103 104 105 106 107 108 109 110 111
  /*112-127*/  112 113 114 115 116 117 118 119 120 121 122 123 124 125 126 127
  /*128-143*/  128 129 130 131 132 133 134 135 136 137 138 139 140 141 142 143
  /*144-159*/  144 145 146 147 148 149 150 151 152 153 154 155 156 157 158 159
  /*160-175*/  160 161 162 163 164 165 166 167 168 169 170 171 172 173 174 175
  /*176-191*/  176 177 178 179 180 181 182 183 184 185 186 187 188 189 190 191
  /*192-207*/  192 193 194 195 196 197 198 199 200 201 202 203 204 205 206 207
  /*208-223*/  208 209 210 211 212 213 214 215 216 217 218 219 220 221 222 223
  /*224-239*/  224 225 226 227 228 229 230 231 232 233 234 235 236 237 238 239
  /*240-255*/  240 241 242 243 244 245 246 247 248 249 250 251 252 253 000 255
ENDTABLE
ENDCOLLATION


#---------------------------------------------------------------------------
# Collation tables for code page undefined and collation v6-Swedish
# This defaults to the values for ibm850 to maintain compatibility
# with v6
COLLATION
CODEPAGE-NAME UNDEFINED
COLLATION-NAME V6-SWEDISH
COLLATION-TRANSLATION-VERSION 1.0-16
CASE-INSENSITIVE-SORT
  /*000-015*/  000 001 002 003 004 005 006 007 008 009 010 011 012 013 014 015
  /*016-031*/  016 017 018 019 020 021 022 023 024 025 026 027 028 029 030 031
  /*032-047*/  032 033 034 035 036 037 038 039 040 041 042 043 044 045 046 047
  /*048-063*/  048 049 050 051 052 053 054 055 056 057 058 059 060 061 062 063
  /*064-079*/  064 065 066 067 068 069 070 071 072 073 074 075 076 077 078 079
  /*080-095*/  080 081 082 083 084 085 086 087 088 089 090 091 092 093 094 095
  /*096-111*/  096 065 066 067 068 069 070 071 072 073 074 075 076 077 078 079
  /*112-127*/  080 081 082 083 084 085 086 087 088 089 090 123 124 125 126 127
  /*128-143*/  067 085 069 065 121 065 120 067 069 069 069 073 073 073 121 120
  /*144-159*/  069 146 146 079 122 079 085 085 089 122 085 157 156 157 158 158
  /*160-175*/  065 073 079 085 078 078 229 229 168 199 199 171 172 173 174 175
  /*176-191*/  176 177 178 179 180 065 065 065 184 185 186 187 188 189 190 191
  /*192-207*/  192 193 194 195 196 197 065 065 200 201 202 203 204 205 206 207
  /*208-223*/  208 209 069 069 069 213 073 073 073 217 218 219 220 221 073 223
  /*224-239*/  079 000 079 079 228 229 230 231 232 085 079 085 089 089 238 239
  /*240-255*/  240 241 242 243 244 245 246 247 248 249 250 251 252 253 000 255
ENDTABLE
CASE-SENSITIVE-SORT
  /*000-015*/  000 001 002 003 004 005 006 007 008 009 010 011 012 013 014 015
  /*016-031*/  016 017 018 019 020 021 022 023 024 025 026 027 028 029 030 031
  /*032-047*/  032 033 034 035 036 037 038 039 040 041 042 043 044 045 046 047
  /*048-063*/  048 049 050 051 052 053 054 055 056 057 058 059 060 061 062 063
  /*064-079*/  064 065 066 067 068 069 070 071 072 073 074 075 076 077 078 079
  /*080-095*/  080 081 082 083 084 085 086 087 088 089 090 091 092 093 094 095
  /*096-111*/  096 097 098 099 100 101 102 103 104 105 106 107 108 109 110 111
  /*112-127*/  112 113 114 115 116 117 118 119 120 121 122 123 124 125 126 127
  /*128-143*/  128 129 130 131 132 133 134 135 136 137 138 139 140 141 142 143
  /*144-159*/  144 145 146 147 148 149 150 151 152 153 154 155 156 157 158 159
  /*160-175*/  160 161 162 163 164 165 166 167 168 169 170 171 172 173 174 175
  /*176-191*/  176 177 178 179 180 181 182 183 184 185 186 187 188 189 190 191
  /*192-207*/  192 193 194 195 196 197 198 199 200 201 202 203 204 205 206 207
  /*208-223*/  208 209 210 211 212 213 214 215 216 217 218 219 220 221 222 223
  /*224-239*/  224 225 226 227 228 229 230 231 232 233 234 235 236 237 238 239
  /*240-255*/  240 241 242 243 244 245 246 247 248 249 250 251 252 253 000 255
ENDTABLE
ENDCOLLATION



#---------------------------------------------------------------------------
# Collation tables for code page ibm850 and collation 72-basic
COLLATION
CODEPAGE-NAME IBM850
COLLATION-NAME 72-BASIC
COLLATION-TRANSLATION-VERSION 1.0-16
CASE-INSENSITIVE-SORT
  /*000-015*/  000 001 002 003 004 005 006 007 008 009 010 011 012 013 014 015
  /*016-031*/  016 017 018 019 020 021 022 023 024 025 026 027 028 029 030 031
  /*032-047*/  032 033 034 035 036 037 038 039 040 041 042 043 044 045 046 047
  /*048-063*/  048 049 050 051 052 053 054 055 056 057 058 059 060 061 062 063
  /*064-079*/  064 065 066 067 068 069 070 071 072 073 074 075 076 077 078 079
  /*080-095*/  080 081 082 083 084 085 086 087 088 089 090 091 092 093 094 095
  /*096-111*/  096 065 066 067 068 069 070 071 072 073 074 075 076 077 078 079
  /*112-127*/  080 081 082 083 084 085 086 087 088 089 090 123 124 125 126 127
  /*128-143*/  067 085 069 065 065 065 143 067 069 069 069 073 073 073 065 143
  /*144-159*/  069 146 146 079 079 079 085 085 089 079 085 157 156 157 158 158
  /*160-175*/  065 073 079 085 078 078 229 229 168 199 199 171 172 173 174 175
  /*176-191*/  176 177 178 179 180 065 065 065 184 185 186 187 188 189 190 191
  /*192-207*/  192 193 194 195 196 197 065 065 200 201 202 203 204 205 206 207
  /*208-223*/  208 209 069 069 069 213 073 073 073 217 218 219 220 221 073 223
  /*224-239*/  079 000 079 079 228 229 230 231 232 085 079 085 089 089 238 239
  /*240-255*/  240 241 242 243 244 245 246 247 248 249 250 251 252 253 000 255
ENDTABLE
CASE-SENSITIVE-SORT
  /*000-015*/  000 001 002 003 004 005 006 007 008 009 010 011 012 013 014 015
  /*016-031*/  016 017 018 019 020 021 022 023 024 025 026 027 028 029 030 031
  /*032-047*/  032 033 034 035 036 037 038 039 040 041 042 043 044 045 046 047
  /*048-063*/  048 049 050 051 052 053 054 055 056 057 058 059 060 061 062 063
  /*064-079*/  064 065 066 067 068 069 070 071 072 073 074 075 076 077 078 079
  /*080-095*/  080 081 082 083 084 085 086 087 088 089 090 091 092 093 094 095
  /*096-111*/  096 097 098 099 100 101 102 103 104 105 106 107 108 109 110 111
  /*112-127*/  112 113 114 115 116 117 118 119 120 121 122 123 124 125 126 127
  /*128-143*/  067 117 101 097 097 097 134 099 101 101 101 105 105 105 065 143
  /*144-159*/  069 145 146 111 111 111 117 117 121 079 085 155 156 157 158 158
  /*160-175*/  097 105 111 117 110 078 229 229 168 198 199 171 172 173 174 175
  /*176-191*/  176 177 178 179 180 065 065 065 184 185 186 187 188 189 190 191
  /*192-207*/  192 193 194 195 196 197 097 065 200 201 202 203 204 205 206 207
  /*208-223*/  208 209 069 069 069 213 073 073 073 217 218 219 220 221 073 223
  /*224-239*/  079 000 079 079 228 229 230 231 232 085 079 085 121 089 238 239
  /*240-255*/  240 241 242 243 244 245 246 247 248 249 250 251 252 253 000 255
ENDTABLE
ENDCOLLATION
