
#---------------------------------------------------------------------------
# This table contains the attributes for code page MAZOVIA
CODEPAGE
CODEPAGE-NAME "MAZOVIA"
TYPE "1"
ISALPHA
  /*000-015*/  000 000 000 000 000 000 000 000 000 000 000 000 000 000 000 000
  /*016-031*/  000 000 000 000 000 000 000 000 000 000 000 000 000 000 000 000
  /*032-047*/  000 000 000 000 000 000 000 000 000 000 000 000 000 000 000 000
  /*048-063*/  000 000 000 000 000 000 000 000 000 000 000 000 000 000 000 000
  /*064-079*/  000 001 001 001 001 001 001 001 001 001 001 001 001 001 001 001
  /*080-095*/  001 001 001 001 001 001 001 001 001 001 001 000 000 000 000 000
  /*096-111*/  000 001 001 001 001 001 001 001 001 001 001 001 001 001 001 001
  /*112-127*/  001 001 001 001 001 001 001 001 001 001 001 000 000 000 000 000
  /*128-143*/  000 000 000 000 000 000 001 000 000 000 000 000 000 001 000 001
  /*144-159*/  001 001 001 000 000 001 000 000 001 000 000 000 001 000 001 000
  /*160-175*/  001 001 001 001 001 001 001 001 000 000 000 000 000 000 000 000
  /*176-191*/  000 000 000 000 000 000 000 000 000 000 000 000 000 000 000 000
  /*192-207*/  000 000 000 000 000 000 000 000 000 000 000 000 000 000 000 000
  /*208-223*/  000 000 000 000 000 000 000 000 000 000 000 000 000 000 000 000
  /*224-239*/  000 000 000 000 000 000 000 000 000 000 000 000 000 000 000 000
  /*240-255*/  000 000 000 000 000 000 000 000 000 000 000 000 000 000 000 000
ENDTABLE
ENDCODEPAGE


#---------------------------------------------------------------------------
# Case tables for code page Mazovia and case table Polish
CASE
CODEPAGE-NAME MAZOVIA
CASETABLE-NAME BASIC
TYPE 1
UPPERCASE-MAP
  /*000-015*/  000 001 002 003 004 005 006 007 008 009 010 011 012 013 014 015
  /*016-031*/  016 017 018 019 020 021 022 023 024 025 026 027 028 029 030 031
  /*032-047*/  032 033 034 035 036 037 038 039 040 041 042 043 044 045 046 047
  /*048-063*/  048 049 050 051 052 053 054 055 056 057 058 059 060 061 062 063
  /*064-079*/  064 065 066 067 068 069 070 071 072 073 074 075 076 077 078 079
  /*080-095*/  080 081 082 083 084 085 086 087 088 089 090 091 092 093 094 095
  /*096-111*/  096 065 066 067 068 069 070 071 072 073 074 075 076 077 078 079
  /*112-127*/  080 081 082 083 084 085 086 087 088 089 090 123 124 125 126 127
  /*128-143*/  128 154 130 131 142 133 143 128 136 137 138 139 140 149 142 143
  /*144-159*/  144 144 156 147 153 149 150 151 152 153 154 155 156 157 152 159
  /*160-175*/  160 161 163 163 165 165 160 161 168 169 170 171 172 173 174 175
  /*176-191*/  176 177 178 179 180 181 182 183 184 185 186 187 188 189 190 191
  /*192-207*/  192 193 194 195 196 197 198 199 200 201 202 203 204 205 206 207
  /*208-223*/  208 209 210 211 212 213 214 215 216 217 218 219 220 221 222 223
  /*224-239*/  224 225 226 227 228 229 230 231 232 233 234 235 236 237 238 239
  /*240-255*/  240 241 242 243 244 245 246 247 248 249 250 251 252 253 254 255
ENDTABLE
LOWERCASE-MAP
  /*000-015*/  000 001 002 003 004 005 006 007 008 009 010 011 012 013 014 015
  /*016-031*/  016 017 018 019 020 021 022 023 024 025 026 027 028 029 030 031
  /*032-047*/  032 033 034 035 036 037 038 039 040 041 042 043 044 045 046 047
  /*048-063*/  048 049 050 051 052 053 054 055 056 057 058 059 060 061 062 063
  /*064-079*/  064 097 098 099 100 101 102 103 104 105 106 107 108 109 110 111
  /*080-095*/  112 113 114 115 116 117 118 119 120 121 122 091 092 093 094 095
  /*096-111*/  096 097 098 099 100 101 102 103 104 105 106 107 108 109 110 111
  /*112-127*/  112 113 114 115 116 117 118 119 120 121 122 123 124 125 126 127
  /*128-143*/  135 129 130 131 132 133 134 135 136 137 138 139 140 141 132 134
  /*144-159*/  145 145 146 147 148 141 150 151 158 148 129 155 146 157 158 159
  /*160-175*/  166 167 162 162 164 164 166 167 168 169 170 171 172 173 174 175
  /*176-191*/  176 177 178 179 180 181 182 183 184 185 186 187 188 189 190 191
  /*192-207*/  192 193 194 195 196 197 198 199 200 201 202 203 204 205 206 207
  /*208-223*/  208 209 210 211 212 213 214 215 216 217 218 219 220 221 222 223
  /*224-239*/  224 225 226 227 228 229 230 231 232 233 234 235 236 237 238 239
  /*240-255*/  240 241 242 243 244 245 246 247 248 249 250 251 252 253 254 255
ENDTABLE
ENDCASE


#---------------------------------------------------------------------------
# Conversion table for code page MAZOVIA to code page 1250
CONVERT
SOURCE-NAME "MAZOVIA"
TARGET-NAME "1250"
TYPE "1"
  /*000-015*/  000 001 002 003 004 005 006 007 008 009 010 011 012 013 014 015
  /*016-031*/  016 017 018 019 020 021 022 023 024 025 026 027 028 029 030 031
  /*032-047*/  032 033 034 035 036 037 038 039 040 041 042 043 044 045 046 047
  /*048-063*/  048 049 050 051 052 053 054 055 056 057 058 059 060 061 062 063
  /*064-079*/  064 065 066 067 068 069 070 071 072 073 074 075 076 077 078 079
  /*080-095*/  080 081 082 083 084 085 086 087 088 089 090 091 092 093 094 095
  /*096-111*/  096 097 098 099 100 101 102 103 104 105 106 107 108 109 110 111
  /*112-127*/  112 113 114 115 116 117 118 119 120 121 122 123 124 125 126 127
  /*128-143*/  199 252 233 226 228 128 185 231 129 235 130 131 238 230 196 165
  /*144-159*/  202 234 179 244 246 198 132 133 140 214 220 155 163 134 156 135
  /*160-175*/  143 175 243 211 241 209 159 191 167 136 172 137 138 139 171 187
  /*176-191*/  141 142 144 145 146 147 148 149 150 151 152 153 154 255 157 158
  /*192-207*/  160 161 162 164 166 168 169 170 173 174 176 177 178 180 181 182
  /*208-223*/  183 184 186 188 189 190 192 193 194 195 197 200 201 203 204 205
  /*224-239*/  206 207 208 210 212 213 215 216 217 218 219 221 222 223 224 225
  /*240-255*/  227 229 232 236 237 239 240 242 245 247 248 249 250 251 253 254
ENDTABLE
ENDCONVERT

#---------------------------------------------------------------------------
# Conversion table for code page MAZOVIA to code page ibm852
CONVERT
SOURCE-NAME "MAZOVIA"
TARGET-NAME "IBM852"
TYPE "1"
  /*000-015*/  000 001 002 003 004 005 006 007 008 009 010 011 012 013 014 015
  /*016-031*/  016 017 018 019 020 021 022 023 024 025 026 027 028 029 030 031
  /*032-047*/  032 033 034 035 036 037 038 039 040 041 042 043 044 045 046 047
  /*048-063*/  048 049 050 051 052 053 054 055 056 057 058 059 060 061 062 063
  /*064-079*/  064 065 066 067 068 069 070 071 072 073 074 075 076 077 078 079
  /*080-095*/  080 081 082 083 084 085 086 087 088 089 090 091 092 093 094 095
  /*096-111*/  096 097 098 099 100 101 102 103 104 105 106 107 108 109 110 111
  /*112-127*/  112 113 114 115 116 117 118 119 120 121 122 123 124 125 126 127
  /*128-143*/  128 129 130 131 132 133 165 135 138 137 139 144 140 134 142 164
  /*144-159*/  168 169 136 147 148 143 145 146 151 153 154 155 157 149 152 150
  /*160-175*/  141 189 162 224 228 227 171 190 245 254 156 158 159 160 174 175
  /*176-191*/  161 163 166 167 170 172 173 176 177 178 179 180 181 182 183 184
  /*192-207*/  185 186 187 188 191 192 193 194 195 196 197 198 199 200 201 202
  /*208-223*/  203 204 205 206 207 208 209 210 211 212 213 214 215 216 217 218
  /*224-239*/  219 220 221 222 223 225 226 229 230 231 232 233 234 235 236 237
  /*240-255*/  238 239 240 241 242 243 246 244 248 250 247 249 251 252 253 255
ENDTABLE
ENDCONVERT


#---------------------------------------------------------------------------
# Conversion table for code page MAZOVIA to iso8859-2
CONVERT
SOURCE-NAME "MAZOVIA"
TARGET-NAME "ISO8859-2"
TYPE "1"
  /*000-015*/  000 001 002 003 004 005 006 007 008 009 010 011 012 013 014 015
  /*016-031*/  016 017 018 019 020 021 022 023 024 025 026 027 028 029 030 031
  /*032-047*/  032 033 034 035 036 037 038 039 040 041 042 043 044 045 046 047
  /*048-063*/  048 049 050 051 052 053 054 055 056 057 058 059 060 061 062 063
  /*064-079*/  064 065 066 067 068 069 070 071 072 073 074 075 076 077 078 079
  /*080-095*/  080 081 082 083 084 085 086 087 088 089 090 091 092 093 094 095
  /*096-111*/  096 097 098 099 100 101 102 103 104 105 106 107 108 109 110 111
  /*112-127*/  112 113 114 115 116 117 118 119 120 121 122 123 124 125 126 127
  /*128-143*/  199 252 233 226 228 227 177 231 236 235 128 237 238 230 196 161
  /*144-159*/  202 234 179 244 246 198 251 250 166 214 220 155 163 221 182 129
  /*160-175*/  172 175 243 211 241 209 188 191 167 130 131 132 133 134 135 136
  /*176-191*/  137 138 139 140 141 142 143 144 145 146 147 148 149 150 151 152
  /*192-207*/  153 154 255 156 157 158 159 160 162 164 165 168 169 170 171 173
  /*208-223*/  174 176 178 180 181 183 184 185 186 187 189 190 192 193 194 195
  /*224-239*/  197 200 201 203 204 205 206 207 208 210 212 213 215 216 217 218
  /*240-255*/  219 222 223 224 225 229 232 239 240 242 245 247 248 249 253 254
ENDTABLE
ENDCONVERT


#---------------------------------------------------------------------------
# Collation tables for code page 1250 and collation Polish
COLLATION
CODEPAGE-NAME 1250
COLLATION-NAME POLISH
COLLATION-TRANSLATION-VERSION 1.0-16
CASE-INSENSITIVE-SORT
  /*000-015*/  000 001 002 003 004 005 006 007 008 009 010 011 012 013 014 015
  /*016-031*/  016 017 018 019 020 021 022 023 024 025 026 027 028 029 030 031
  /*032-047*/  032 033 034 035 036 037 038 039 040 041 042 043 044 045 046 047
  /*048-063*/  048 049 050 051 052 053 054 055 056 057 058 059 060 061 062 063
  /*064-079*/  064 065 069 071 075 077 081 083 085 087 089 091 093 097 099 103
  /*080-095*/  107 109 111 113 117 119 121 123 125 127 129 135 136 137 138 139
  /*096-111*/  140 065 069 071 075 077 081 083 085 087 089 091 093 097 099 103
  /*112-127*/  107 109 111 113 117 119 121 123 125 127 129 141 142 143 144 145
  /*128-143*/  146 147 148 149 150 151 152 153 154 155 156 158 115 159 161 131
  /*144-159*/  163 164 165 166 167 168 169 170 171 172 156 173 115 159 161 131
  /*160-175*/  174 175 176 095 177 067 178 179 180 181 182 184 185 186 187 133
  /*176-191*/  188 189 190 095 191 192 193 194 195 067 182 196 197 199 197 133
  /*192-207*/  200 202 204 206 208 210 073 212 214 216 079 218 220 222 224 226
  /*208-223*/  228 101 230 105 232 234 236 238 239 241 243 245 247 249 251 253
  /*224-239*/  200 202 204 206 208 210 073 212 214 216 079 218 220 222 224 226
  /*240-255*/  228 101 230 105 232 234 236 254 239 241 243 245 247 249 251 255
ENDTABLE
CASE-SENSITIVE-SORT
  /*000-015*/  000 001 002 003 004 005 006 007 008 009 010 011 012 013 014 015
  /*016-031*/  016 017 018 019 020 021 022 023 024 025 026 027 028 029 030 031
  /*032-047*/  032 033 034 035 036 037 038 039 040 041 042 043 044 045 046 047
  /*048-063*/  048 049 050 051 052 053 054 055 056 057 058 059 060 061 062 063
  /*064-079*/  064 065 069 071 075 077 081 083 085 087 089 091 093 097 099 103
  /*080-095*/  107 109 111 113 117 119 121 123 125 127 129 135 136 137 138 139
  /*096-111*/  140 066 070 072 076 078 082 084 086 088 090 092 094 098 100 104
  /*112-127*/  108 110 112 114 118 120 122 124 126 128 130 141 142 143 144 145
  /*128-143*/  146 147 148 149 150 151 152 153 154 155 156 158 115 159 161 131
  /*144-159*/  163 164 165 166 167 168 169 170 171 172 157 173 116 160 162 132
  /*160-175*/  174 175 176 095 177 067 178 179 180 181 182 184 185 186 187 133
  /*176-191*/  188 189 190 096 191 192 193 194 195 068 183 196 197 199 198 134
  /*192-207*/  200 202 204 206 208 210 073 212 214 216 079 218 220 222 224 226
  /*208-223*/  228 101 230 105 232 234 236 238 239 241 243 245 247 249 251 253
  /*224-239*/  201 203 205 207 209 211 074 213 215 217 080 219 221 223 225 227
  /*240-255*/  229 102 231 106 233 235 237 254 240 242 244 246 248 250 252 255
ENDTABLE
ENDCOLLATION


#---------------------------------------------------------------------------
# Collation tables for code page IBM852 and collation POLISH
COLLATION
CODEPAGE-NAME IBM852
COLLATION-NAME POLISH
COLLATION-TRANSLATION-VERSION 1.0-16
CASE-INSENSITIVE-SORT
  /*000-015*/  000 001 002 003 004 005 006 007 008 009 010 011 012 013 014 015
  /*016-031*/  016 017 018 019 020 021 022 023 024 025 026 027 028 029 030 031
  /*032-047*/  032 033 034 035 036 037 038 039 040 041 042 043 044 045 046 047
  /*048-063*/  048 049 050 051 052 053 054 055 056 057 058 059 060 061 062 063
  /*064-079*/  064 065 069 071 075 077 081 083 085 087 089 091 093 097 099 103
  /*080-095*/  107 109 111 113 117 119 121 123 125 127 129 135 136 137 138 139
  /*096-111*/  140 065 069 071 075 077 081 083 085 087 089 091 093 097 099 103
  /*112-127*/  107 109 111 113 117 119 121 123 125 127 129 141 142 143 144 145
  /*128-143*/  146 160 152 179 150 224 073 146 095 210 148 148 216 131 150 073
  /*144-159*/  152 154 154 228 158 156 156 115 115 158 160 162 162 095 164 168
  /*160-175*/  177 214 105 234 067 067 165 165 079 079 167 131 168 183 170 171
  /*176-191*/  172 173 174 175 176 177 179 181 183 185 186 187 188 133 133 189
  /*192-207*/  190 191 192 193 194 195 196 196 198 199 200 201 202 203 204 205
  /*208-223*/  206 206 208 210 208 212 214 216 181 218 219 220 221 222 224 226
  /*224-239*/  105 227 228 101 101 212 230 230 232 234 232 236 238 238 222 240
  /*240-255*/  241 242 243 244 245 246 247 248 249 250 251 236 252 252 254 255
ENDTABLE
CASE-SENSITIVE-SORT
  /*000-015*/  000 001 002 003 004 005 006 007 008 009 010 011 012 013 014 015
  /*016-031*/  016 017 018 019 020 021 022 023 024 025 026 027 028 029 030 031
  /*032-047*/  032 033 034 035 036 037 038 039 040 041 042 043 044 045 046 047
  /*048-063*/  048 049 050 051 052 053 054 055 056 057 058 059 060 061 062 063
  /*064-079*/  064 065 069 071 075 077 081 083 085 087 089 091 093 097 099 103
  /*080-095*/  107 109 111 113 117 119 121 123 125 127 129 135 136 137 138 139
  /*096-111*/  140 066 070 072 076 078 082 084 086 088 090 092 094 098 100 104
  /*112-127*/  108 110 112 114 118 120 122 124 126 128 130 141 142 143 144 145
  /*128-143*/  146 161 153 180 151 225 074 147 096 211 148 149 217 131 150 073
  /*144-159*/  152 154 155 229 159 156 157 115 116 158 160 162 163 095 164 169
  /*160-175*/  178 215 106 235 067 068 165 166 079 080 167 132 168 184 170 171
  /*176-191*/  172 173 174 175 176 177 179 181 183 185 186 187 188 133 134 189
  /*192-207*/  190 191 192 193 194 195 196 197 198 199 200 201 202 203 204 205
  /*208-223*/  207 206 208 210 209 212 214 216 182 218 219 220 221 222 224 226
  /*224-239*/  105 227 228 101 102 213 230 231 232 234 233 236 239 238 223 240
  /*240-255*/  241 242 243 244 245 246 247 248 249 250 251 237 252 253 254 255
ENDTABLE
ENDCOLLATION


#---------------------------------------------------------------------------
# Collation tables for code page ISO8859-2 and collation POLISH
COLLATION
CODEPAGE-NAME ISO8859-2
COLLATION-NAME POLISH
COLLATION-TRANSLATION-VERSION 1.0-16
CASE-INSENSITIVE-SORT
  /*000-015*/  000 001 002 003 004 005 006 007 008 009 010 011 012 013 014 015
  /*016-031*/  016 017 018 019 020 021 022 023 024 025 026 027 028 029 030 031
  /*032-047*/  032 033 034 035 036 037 038 039 040 041 042 043 044 045 046 047
  /*048-063*/  048 049 050 051 052 053 054 055 056 057 058 059 060 061 062 063
  /*064-079*/  064 065 069 071 075 077 081 083 085 087 089 091 093 097 099 103
  /*080-095*/  107 109 111 113 117 119 121 123 125 127 129 135 136 137 138 139
  /*096-111*/  140 065 069 071 075 077 081 083 085 087 089 091 093 097 099 103
  /*112-127*/  107 109 111 113 117 119 121 123 125 127 129 141 142 143 144 145
  /*128-143*/  146 147 148 149 150 151 152 153 154 155 156 157 158 159 160 161
  /*144-159*/  162 163 164 165 166 167 168 169 170 171 172 173 174 175 176 177
  /*160-175*/  178 067 179 095 180 181 115 183 184 185 187 189 131 191 192 133
  /*176-191*/  194 067 195 095 196 181 115 197 198 185 187 189 131 199 192 133
  /*192-207*/  200 202 204 206 208 210 073 212 214 216 079 218 220 222 224 226
  /*208-223*/  228 101 230 105 232 234 236 238 239 241 243 245 247 249 251 253
  /*224-239*/  200 202 204 206 208 210 073 212 214 216 079 218 220 222 224 226
  /*240-255*/  228 101 230 105 232 234 236 254 239 241 243 245 247 249 251 255
ENDTABLE
CASE-SENSITIVE-SORT
  /*000-015*/  000 001 002 003 004 005 006 007 008 009 010 011 012 013 014 015
  /*016-031*/  016 017 018 019 020 021 022 023 024 025 026 027 028 029 030 031
  /*032-047*/  032 033 034 035 036 037 038 039 040 041 042 043 044 045 046 047
  /*048-063*/  048 049 050 051 052 053 054 055 056 057 058 059 060 061 062 063
  /*064-079*/  064 065 069 071 075 077 081 083 085 087 089 091 093 097 099 103
  /*080-095*/  107 109 111 113 117 119 121 123 125 127 129 135 136 137 138 139
  /*096-111*/  140 066 070 072 076 078 082 084 086 088 090 092 094 098 100 104
  /*112-127*/  108 110 112 114 118 120 122 124 126 128 130 141 142 143 144 145
  /*128-143*/  146 147 148 149 150 151 152 153 154 155 156 157 158 159 160 161
  /*144-159*/  162 163 164 165 166 167 168 169 170 171 172 173 174 175 176 177
  /*160-175*/  178 067 179 095 180 181 115 183 184 185 187 189 131 191 192 133
  /*176-191*/  194 068 195 096 196 182 116 197 198 186 188 190 132 199 193 134
  /*192-207*/  200 202 204 206 208 210 073 212 214 216 079 218 220 222 224 226
  /*208-223*/  228 101 230 105 232 234 236 238 239 241 243 245 247 249 251 253
  /*224-239*/  201 203 205 207 209 211 074 213 215 217 080 219 221 223 225 227
  /*240-255*/  229 102 231 106 233 235 237 254 240 242 244 246 248 250 252 255
ENDTABLE
ENDCOLLATION


#---------------------------------------------------------------------------
# Collation tables for code page MAZOVIA and collation POLISH
COLLATION
CODEPAGE-NAME MAZOVIA
COLLATION-NAME POLISH
COLLATION-TRANSLATION-VERSION 1.0-16
CASE-INSENSITIVE-SORT
  /*000-015*/  000 001 002 003 004 005 006 007 008 009 010 011 012 013 014 015
  /*016-031*/  016 017 018 019 020 021 022 023 024 025 026 027 028 029 030 031
  /*032-047*/  032 033 034 035 036 037 038 039 040 041 042 043 044 045 046 047
  /*048-063*/  048 049 050 051 052 053 054 055 056 057 058 059 060 061 062 063
  /*064-079*/  064 065 069 071 075 077 081 083 085 087 089 091 093 097 099 103
  /*080-095*/  107 109 111 113 117 119 121 123 125 127 129 135 136 137 138 139
  /*096-111*/  140 065 069 071 075 077 081 083 085 087 089 091 093 097 099 103
  /*112-127*/  107 109 111 113 117 119 121 123 125 127 129 141 142 143 144 145
  /*128-143*/  146 163 148 149 156 150 067 146 151 152 153 154 155 073 156 067
  /*144-159*/  079 079 095 158 161 073 159 160 115 161 163 165 095 166 115 167
  /*160-175*/  131 133 105 105 101 101 131 133 168 169 170 171 172 173 174 175
  /*176-191*/  176 177 178 179 180 181 182 183 184 185 186 187 188 189 190 191
  /*192-207*/  192 193 194 195 196 197 198 199 200 201 202 203 204 205 206 207
  /*208-223*/  208 209 210 211 212 213 214 215 216 217 218 219 220 221 222 223
  /*224-239*/  224 225 226 227 228 229 230 231 232 233 234 235 236 237 238 239
  /*240-255*/  240 241 242 243 244 245 246 247 248 249 250 251 252 253 254 255
ENDTABLE
CASE-SENSITIVE-SORT
  /*000-015*/  000 001 002 003 004 005 006 007 008 009 010 011 012 013 014 015
  /*016-031*/  016 017 018 019 020 021 022 023 024 025 026 027 028 029 030 031
  /*032-047*/  032 033 034 035 036 037 038 039 040 041 042 043 044 045 046 047
  /*048-063*/  048 049 050 051 052 053 054 055 056 057 058 059 060 061 062 063
  /*064-079*/  064 065 069 071 075 077 081 083 085 087 089 091 093 097 099 103
  /*080-095*/  107 109 111 113 117 119 121 123 125 127 129 135 136 137 138 139
  /*096-111*/  140 066 070 072 076 078 082 084 086 088 090 092 094 098 100 104
  /*112-127*/  108 110 112 114 118 120 122 124 126 128 130 141 142 143 144 145
  /*128-143*/  146 164 148 149 157 150 068 147 151 152 153 154 155 074 156 067
  /*144-159*/  079 080 096 158 162 073 159 160 115 161 163 165 095 166 116 167
  /*160-175*/  131 133 106 105 102 101 132 134 168 169 170 171 172 173 174 175
  /*176-191*/  176 177 178 179 180 181 182 183 184 185 186 187 188 189 190 191
  /*192-207*/  192 193 194 195 196 197 198 199 200 201 202 203 204 205 206 207
  /*208-223*/  208 209 210 211 212 213 214 215 216 217 218 219 220 221 222 223
  /*224-239*/  224 221 226 227 228 229 230 231 232 233 234 235 236 237 238 239
  /*240-255*/  240 241 242 243 244 245 246 247 248 249 250 251 252 253 254 255
ENDTABLE
ENDCOLLATION


