
#---------------------------------------------------------------------------
# This table contains the attributes for code page Roman-8 (1051)
CODEPAGE
CODEPAGE-NAME "ROMAN-8"
TYPE "1"
ISALPHA
  /*000-015*/  000 000 000 000 000 000 000 000 000 000 000 000 000 000 000 000
  /*016-031*/  000 000 000 000 000 000 000 000 000 000 000 000 000 000 000 000
  /*032-047*/  000 000 000 000 000 000 000 000 000 000 000 000 000 000 000 000
  /*048-063*/  000 000 000 000 000 000 000 000 000 000 000 000 000 000 000 000
  /*064-079*/  000 001 001 001 001 001 001 001 001 001 001 001 001 001 001 001
  /*080-095*/  001 001 001 001 001 001 001 001 001 001 001 000 000 000 000 000
  /*096-111*/  000 001 001 001 001 001 001 001 001 001 001 001 001 001 001 001
  /*112-127*/  001 001 001 001 001 001 001 001 001 001 001 000 000 000 000 000
  /*128-143*/  000 000 000 000 000 000 000 000 000 000 000 000 000 000 000 000
  /*144-159*/  000 000 000 000 000 000 000 000 000 000 000 000 000 000 000 000
  /*160-175*/  000 001 001 001 001 001 001 001 000 000 000 000 000 001 001 000
  /*176-191*/  000 000 000 000 000 000 000 000 000 000 000 000 000 000 000 000
  /*192-207*/  001 001 001 001 001 001 001 001 001 001 001 001 001 001 001 001
  /*208-223*/  001 001 001 001 001 001 001 001 001 001 001 001 001 001 001 001
  /*224-239*/  001 001 001 001 001 001 001 001 001 001 001 001 001 001 001 001
  /*240-255*/  001 001 000 000 000 000 000 000 000 000 000 000 000 000 000 000
ENDTABLE
ENDCODEPAGE


#---------------------------------------------------------------------------
# Case tables for Roman-8 (1051)
CASE
CODEPAGE-NAME ROMAN-8
CASETABLE-NAME BASIC
TYPE 1
UPPERCASE-MAP
  /*000-015*/  000 001 002 003 004 005 006 007 008 009 010 011 012 013 014 015
  /*016-031*/  016 017 018 019 020 021 022 023 024 025 026 027 028 029 030 031
  /*032-047*/  032 033 034 035 036 037 038 039 040 041 042 043 044 045 046 047
  /*048-063*/  048 049 050 051 052 053 054 055 056 057 058 059 060 061 062 063
  /*064-079*/  064 065 066 067 068 069 070 071 072 073 074 075 076 077 078 079
  /*080-095*/  080 081 082 083 084 085 086 087 088 089 090 091 092 093 094 095
  /*096-111*/  096 065 066 067 068 069 070 071 072 073 074 075 076 077 078 079
  /*112-127*/  080 081 082 083 084 085 086 087 088 089 090 123 124 125 126 127
  /*128-143*/  128 129 130 131 132 133 134 135 136 137 138 139 140 141 142 143
  /*144-159*/  144 145 146 147 148 149 150 151 152 153 154 155 156 157 158 159
  /*160-175*/  160 161 162 163 164 165 166 167 168 169 170 171 172 173 174 175
  /*176-191*/  176 177 177 179 180 180 182 182 184 185 186 187 188 189 190 191
  /*192-207*/  162 164 223 174 224 220 231 237 161 163 232 173 216 165 218 219
  /*208-223*/  208 166 210 211 208 229 210 211 216 230 218 219 220 167 222 223
  /*224-239*/  224 225 225 227 227 229 230 231 232 233 233 235 235 237 238 238
  /*240-255*/  240 240 242 243 244 245 246 247 248 249 250 251 252 253 254 255
ENDTABLE
LOWERCASE-MAP
  /*000-015*/  000 001 002 003 004 005 006 007 008 009 010 011 012 013 014 015
  /*016-031*/  016 017 018 019 020 021 022 023 024 025 026 027 028 029 030 031
  /*032-047*/  032 033 034 035 036 037 038 039 040 041 042 043 044 045 046 047
  /*048-063*/  048 049 050 051 052 053 054 055 056 057 058 059 060 061 062 063
  /*064-079*/  064 097 098 099 100 101 102 103 104 105 106 107 108 109 110 111
  /*080-095*/  112 113 114 115 116 117 118 119 120 121 122 091 092 093 094 095
  /*096-111*/  096 097 098 099 100 101 102 103 104 105 106 107 108 109 110 111
  /*112-127*/  112 113 114 115 116 117 118 119 120 121 122 123 124 125 126 127
  /*128-143*/  128 129 130 131 132 133 134 135 136 137 138 139 140 141 142 143
  /*144-159*/  144 145 146 147 148 149 150 151 152 153 154 155 156 157 158 159
  /*160-175*/  160 200 192 201 193 205 209 221 168 169 170 171 172 203 195 175
  /*176-191*/  176 178 178 179 181 181 183 183 184 185 186 187 188 189 190 191
  /*192-207*/  192 193 194 195 196 197 198 199 200 201 202 203 204 205 206 207
  /*208-223*/  212 209 214 215 212 213 214 215 204 217 206 207 197 221 222 194
  /*224-239*/  196 226 226 228 228 213 217 198 202 234 234 236 236 199 239 239
  /*240-255*/  241 241 242 243 244 245 246 247 248 249 250 251 252 253 254 255
ENDTABLE
ENDCASE


#---------------------------------------------------------------------------
# Collation tables for code page ROMAN-8 and collation BASIC
COLLATION
CODEPAGE-NAME ROMAN-8
COLLATION-NAME BASIC
COLLATION-TRANSLATION-VERSION 1.0-16
CASE-INSENSITIVE-SORT
  /*000-015*/  000 001 002 003 004 005 006 007 008 009 010 011 012 013 014 015
  /*016-031*/  016 017 018 019 020 021 022 023 024 025 026 027 028 029 030 031
  /*032-047*/  032 033 034 035 036 037 038 039 040 041 042 043 044 045 046 047
  /*048-063*/  048 049 050 051 052 053 054 055 056 057 058 059 060 061 062 063
  /*064-079*/  064 065 067 069 071 073 075 077 079 081 083 085 087 089 091 093
  /*080-095*/  095 097 099 101 103 105 107 109 111 113 115 117 118 119 120 121
  /*096-111*/  122 065 067 069 071 073 075 077 079 081 083 085 087 089 091 093
  /*112-127*/  095 097 099 101 103 105 107 109 111 113 115 123 124 125 126 127
  /*128-143*/  128 129 130 131 132 133 134 135 136 137 138 139 140 141 142 143
  /*144-159*/  144 145 146 147 148 149 150 151 152 153 154 155 156 157 158 159
  /*160-175*/  160 065 065 073 073 073 081 081 161 162 163 164 165 105 105 166
  /*176-191*/  167 113 113 168 069 069 091 091 169 170 171 172 173 174 175 176
  /*192-207*/  065 073 093 105 065 073 093 105 065 073 093 105 065 073 093 105
  /*208-223*/  177 081 179 181 177 081 179 181 065 081 093 105 073 081 183 093
  /*224-239*/  065 065 065 071 071 081 081 093 093 093 093 101 101 105 113 113
  /*240-255*/  184 184 186 187 188 189 190 191 192 193 194 195 196 197 198 199
ENDTABLE
CASE-SENSITIVE-SORT
  /*000-015*/  000 001 002 003 004 005 006 007 008 009 010 011 012 013 014 015
  /*016-031*/  016 017 018 019 020 021 022 023 024 025 026 027 028 029 030 031
  /*032-047*/  032 033 034 035 036 037 038 039 040 041 042 043 044 045 046 047
  /*048-063*/  048 049 050 051 052 053 054 055 056 057 058 059 060 061 062 063
  /*064-079*/  064 065 067 069 071 073 075 077 079 081 083 085 087 089 091 093
  /*080-095*/  095 097 099 101 103 105 107 109 111 113 115 117 118 119 120 121
  /*096-111*/  122 066 068 070 072 074 076 078 080 082 084 086 088 090 092 094
  /*112-127*/  096 098 100 102 104 106 108 110 112 114 116 123 124 125 126 127
  /*128-143*/  128 129 130 131 132 133 134 135 136 137 138 139 140 141 142 143
  /*144-159*/  144 145 146 147 148 149 150 151 152 153 154 155 156 157 158 159
  /*160-175*/  160 065 065 073 073 073 081 081 161 162 163 164 165 105 105 166
  /*176-191*/  167 113 114 168 069 070 091 092 169 170 171 172 173 174 175 176
  /*192-207*/  066 074 094 106 066 074 094 106 066 074 094 106 066 074 094 106
  /*208-223*/  177 082 179 181 178 082 180 182 065 082 093 105 073 082 183 093
  /*224-239*/  065 065 066 071 072 081 081 093 093 093 094 101 102 105 113 114
  /*240-255*/  184 185 186 187 188 189 190 191 192 193 194 195 196 197 198 199
ENDTABLE
ENDCOLLATION


#---------------------------------------------------------------------------
# Collation tables for code page ROMAN-8 and collation CZECH
COLLATION
CODEPAGE-NAME ROMAN-8
COLLATION-NAME CZECH
COLLATION-TRANSLATION-VERSION 1.0-16
CASE-INSENSITIVE-SORT
  /*000-015*/  000 001 002 003 004 005 006 007 008 009 010 011 012 013 014 015
  /*016-031*/  016 017 018 019 020 021 022 023 024 025 026 027 028 029 030 031
  /*032-047*/  032 033 034 035 036 037 038 039 040 041 042 043 044 045 046 047
  /*048-063*/  048 049 050 051 052 053 054 055 056 057 058 059 060 061 062 063
  /*064-079*/  064 065 067 069 071 073 075 077 079 081 083 085 087 089 091 093
  /*080-095*/  095 097 099 101 103 105 107 109 111 113 115 117 118 119 120 121
  /*096-111*/  122 065 067 069 071 073 075 077 079 081 083 085 087 089 091 093
  /*112-127*/  095 097 099 101 103 105 107 109 111 113 115 123 124 125 126 127
  /*128-143*/  128 129 130 131 132 133 134 135 136 137 138 139 140 141 142 143
  /*144-159*/  144 145 146 147 148 149 150 151 152 153 154 155 156 157 158 159
  /*160-175*/  160 065 065 073 073 073 081 081 161 162 163 164 165 105 105 166
  /*176-191*/  167 113 113 168 069 069 091 091 169 170 171 172 173 174 175 176
  /*192-207*/  065 073 093 105 065 073 093 105 065 073 093 105 065 073 093 105
  /*208-223*/  177 081 179 181 177 081 179 181 065 081 093 105 073 081 183 093
  /*224-239*/  065 065 065 071 071 081 081 093 093 093 093 101 101 105 113 113
  /*240-255*/  184 184 186 187 188 189 190 191 192 193 194 195 196 197 198 199
ENDTABLE
CASE-SENSITIVE-SORT
  /*000-015*/  000 001 002 003 004 005 006 007 008 009 010 011 012 013 014 015
  /*016-031*/  016 017 018 019 020 021 022 023 024 025 026 027 028 029 030 031
  /*032-047*/  032 033 034 035 036 037 038 039 040 041 042 043 044 045 046 047
  /*048-063*/  048 049 050 051 052 053 054 055 056 057 058 059 060 061 062 063
  /*064-079*/  064 065 067 069 071 073 075 077 079 081 083 085 087 089 091 093
  /*080-095*/  095 097 099 101 103 105 107 109 111 113 115 117 118 119 120 121
  /*096-111*/  122 066 068 070 072 074 076 078 080 082 084 086 088 090 092 094
  /*112-127*/  096 098 100 102 104 106 108 110 112 114 116 123 124 125 126 127
  /*128-143*/  128 129 130 131 132 133 134 135 136 137 138 139 140 141 142 143
  /*144-159*/  144 145 146 147 148 149 150 151 152 153 154 155 156 157 158 159
  /*160-175*/  160 065 065 073 073 073 081 081 161 162 163 164 165 105 105 166
  /*176-191*/  167 113 114 168 069 070 091 092 169 170 171 172 173 174 175 176
  /*192-207*/  066 074 094 106 066 074 094 106 066 074 094 106 066 074 094 106
  /*208-223*/  177 082 179 181 178 082 180 182 065 082 093 105 073 082 183 093
  /*224-239*/  065 065 066 071 072 081 081 093 093 093 094 101 102 105 113 114
  /*240-255*/  184 185 186 187 188 189 190 191 192 193 194 195 196 197 198 199
ENDTABLE
ENDCOLLATION


