
#---------------------------------------------------------------------------
# This table contains the attributes for the koi-8r code page
CODEPAGE
CODEPAGE-NAME "KOI8-R"
TYPE "1"
ISALPHA
  /*000-015*/  000 000 000 000 000 000 000 000 000 000 000 000 000 000 000 000
  /*016-031*/  000 000 000 000 000 000 000 000 000 000 000 000 000 000 000 000
  /*032-047*/  000 000 000 000 000 000 000 000 000 000 000 000 000 000 000 000
  /*048-063*/  000 000 000 000 000 000 000 000 000 000 000 000 000 000 000 000
  /*064-079*/  000 001 001 001 001 001 001 001 001 001 001 001 001 001 001 001
  /*080-095*/  001 001 001 001 001 001 001 001 001 001 001 000 000 000 000 000
  /*096-111*/  000 001 001 001 001 001 001 001 001 001 001 001 001 001 001 001
  /*112-127*/  001 001 001 001 001 001 001 001 001 001 001 000 000 000 000 000
  /*128-143*/  000 000 000 000 000 000 000 000 000 000 000 000 000 000 000 000
  /*144-159*/  000 000 000 000 000 000 000 000 000 000 000 000 000 000 000 000
  /*160-175*/  000 000 000 001 000 000 000 000 000 000 000 000 000 000 000 000
  /*176-191*/  000 000 000 001 000 000 000 000 000 000 000 000 000 000 000 000
  /*192-207*/  001 001 001 001 001 001 001 001 001 001 001 001 001 001 001 001
  /*208-223*/  001 001 001 001 001 001 001 001 001 001 001 001 001 001 001 001
  /*224-239*/  001 001 001 001 001 001 001 001 001 001 001 001 001 001 001 001
  /*240-255*/  001 001 001 001 001 001 001 001 001 001 001 001 001 001 001 001
ENDTABLE
ENDCODEPAGE



#---------------------------------------------------------------------------
# This table contains the attributes for code page 1251
CODEPAGE
CODEPAGE-NAME "1251"
TYPE "1"
ISALPHA
  /*000-015*/  000 000 000 000 000 000 000 000 000 000 000 000 000 000 000 000
  /*016-031*/  000 000 000 000 000 000 000 000 000 000 000 000 000 000 000 000
  /*032-047*/  000 000 000 000 000 000 000 000 000 000 000 000 000 000 000 000
  /*048-063*/  000 000 000 000 000 000 000 000 000 000 000 000 000 000 000 000
  /*064-079*/  000 001 001 001 001 001 001 001 001 001 001 001 001 001 001 001
  /*080-095*/  001 001 001 001 001 001 001 001 001 001 001 000 000 000 000 000
  /*096-111*/  000 001 001 001 001 001 001 001 001 001 001 001 001 001 001 001
  /*112-127*/  001 001 001 001 001 001 001 001 001 001 001 000 000 000 000 000
  /*128-143*/  001 001 000 001 000 000 000 000 000 000 001 000 001 001 001 001
  /*144-159*/  001 000 000 000 000 000 000 000 000 000 001 000 001 001 001 001
  /*160-175*/  000 001 001 001 000 001 000 000 001 000 001 000 000 000 000 001
  /*176-191*/  000 000 001 001 001 001 000 000 001 000 001 000 001 001 001 001
  /*192-207*/  001 001 001 001 001 001 001 001 001 001 001 001 001 001 001 001
  /*208-223*/  001 001 001 001 001 001 001 001 001 001 001 001 001 001 001 001
  /*224-239*/  001 001 001 001 001 001 001 001 001 001 001 001 001 001 001 001
  /*240-255*/  001 001 001 001 001 001 001 001 001 001 001 001 001 001 001 001
ENDTABLE
ENDCODEPAGE



#---------------------------------------------------------------------------
# This table contains the attributes for code page ibm866
CODEPAGE
CODEPAGE-NAME "IBM866"
TYPE "1"
ISALPHA
  /*000-015*/  000 000 000 000 000 000 000 000 000 000 000 000 000 000 000 000
  /*016-031*/  000 000 000 000 000 000 000 000 000 000 000 000 000 000 000 000
  /*032-047*/  000 000 000 000 000 000 000 000 000 000 000 000 000 000 000 000
  /*048-063*/  000 000 000 000 000 000 000 000 000 000 000 000 000 000 000 000
  /*064-079*/  000 001 001 001 001 001 001 001 001 001 001 001 001 001 001 001
  /*080-095*/  001 001 001 001 001 001 001 001 001 001 001 000 000 000 000 000
  /*096-111*/  000 001 001 001 001 001 001 001 001 001 001 001 001 001 001 001
  /*112-127*/  001 001 001 001 001 001 001 001 001 001 001 000 000 000 000 000
  /*128-143*/  001 001 001 001 001 001 001 001 001 001 001 001 001 001 001 001
  /*144-159*/  001 001 001 001 001 001 001 001 001 001 001 001 001 001 001 001
  /*160-175*/  001 001 001 001 001 001 001 001 001 001 001 001 001 001 001 001
  /*176-191*/  000 000 000 000 000 000 000 000 000 000 000 000 000 000 000 000
  /*192-207*/  000 000 000 000 000 000 000 000 000 000 000 000 000 000 000 000
  /*208-223*/  000 000 000 000 000 000 000 000 000 000 000 000 000 000 000 000
  /*224-239*/  001 001 001 001 001 001 001 001 001 001 001 001 001 001 001 001
  /*240-255*/  001 001 001 001 001 001 001 001 000 000 000 000 000 000 000 000
ENDTABLE
ENDCODEPAGE


#---------------------------------------------------------------------------
# This table contains the attributes for the ISO8859-5 Latin/Cyrillic
# code page
CODEPAGE
CODEPAGE-NAME "ISO8859-5"
TYPE "1"
ISALPHA
  /*000-015*/  000 000 000 000 000 000 000 000 000 000 000 000 000 000 000 000
  /*016-031*/  000 000 000 000 000 000 000 000 000 000 000 000 000 000 000 000
  /*032-047*/  000 000 000 000 000 000 000 000 000 000 000 000 000 000 000 000
  /*048-063*/  000 000 000 000 000 000 000 000 000 000 000 000 000 000 000 000
  /*064-079*/  000 001 001 001 001 001 001 001 001 001 001 001 001 001 001 001
  /*080-095*/  001 001 001 001 001 001 001 001 001 001 001 000 000 000 000 000
  /*096-111*/  000 001 001 001 001 001 001 001 001 001 001 001 001 001 001 001
  /*112-127*/  001 001 001 001 001 001 001 001 001 001 001 000 000 000 000 000
  /*128-143*/  000 000 000 000 000 000 000 000 000 000 000 000 000 000 000 000
  /*144-159*/  000 000 000 000 000 000 000 000 000 000 000 000 000 000 000 000
  /*160-175*/  000 001 001 001 001 001 001 001 001 001 001 001 001 000 001 001
  /*176-191*/  001 001 001 001 001 001 001 001 001 001 001 001 001 001 001 001
  /*192-207*/  001 001 001 001 001 001 001 001 001 001 001 001 001 001 001 001
  /*208-223*/  001 001 001 001 001 001 001 001 001 001 001 001 001 001 001 001
  /*224-239*/  001 001 001 001 001 001 001 001 001 001 001 001 001 001 001 001
  /*240-255*/  000 001 001 001 001 001 001 001 001 001 001 001 001 000 001 001
ENDTABLE
ENDCODEPAGE



#---------------------------------------------------------------------------
# This table contains basic case information for code page ibm866
CASE
CODEPAGE-NAME IBM866
CASETABLE-NAME BASIC
TYPE 1
UPPERCASE-MAP
  /*000-015*/  000 001 002 003 004 005 006 007 008 009 010 011 012 013 014 015
  /*016-031*/  016 017 018 019 020 021 022 023 024 025 026 027 028 029 030 031
  /*032-047*/  032 033 034 035 036 037 038 039 040 041 042 043 044 045 046 047
  /*048-063*/  048 049 050 051 052 053 054 055 056 057 058 059 060 061 062 063
  /*064-079*/  064 065 066 067 068 069 070 071 072 073 074 075 076 077 078 079
  /*080-095*/  080 081 082 083 084 085 086 087 088 089 090 091 092 093 094 095
  /*096-111*/  096 065 066 067 068 069 070 071 072 073 074 075 076 077 078 079
  /*112-127*/  080 081 082 083 084 085 086 087 088 089 090 123 124 125 126 127
  /*128-143*/  128 129 130 131 132 133 134 135 136 137 138 139 140 141 142 143
  /*144-159*/  144 145 146 147 148 149 150 151 152 153 154 155 156 157 158 159
  /*160-175*/  128 129 130 131 132 133 134 135 136 137 138 139 140 141 142 143
  /*176-191*/  176 177 178 179 180 181 182 183 184 185 186 187 188 189 190 191
  /*192-207*/  192 193 194 195 196 197 198 199 200 201 202 203 204 205 206 207
  /*208-223*/  208 209 210 211 212 213 214 215 216 217 218 219 220 221 222 223
  /*224-239*/  144 145 146 147 148 149 150 151 152 153 154 155 156 157 158 159
  /*240-255*/  240 240 242 242 244 244 246 246 248 249 250 251 252 253 254 255
ENDTABLE
LOWERCASE-MAP
  /*000-015*/  000 001 002 003 004 005 006 007 008 009 010 011 012 013 014 015
  /*016-031*/  016 017 018 019 020 021 022 023 024 025 026 027 028 029 030 031
  /*032-047*/  032 033 034 035 036 037 038 039 040 041 042 043 044 045 046 047
  /*048-063*/  048 049 050 051 052 053 054 055 056 057 058 059 060 061 062 063
  /*064-079*/  064 097 098 099 100 101 102 103 104 105 106 107 108 109 110 111
  /*080-095*/  112 113 114 115 116 117 118 119 120 121 122 091 092 093 094 095
  /*096-111*/  096 097 098 099 100 101 102 103 104 105 106 107 108 109 110 111
  /*112-127*/  112 113 114 115 116 117 118 119 120 121 122 123 124 125 126 127
  /*128-143*/  160 161 162 163 164 165 166 167 168 169 170 171 172 173 174 175
  /*144-159*/  224 225 226 227 228 229 230 231 232 233 234 235 236 237 238 239
  /*160-175*/  160 161 162 163 164 165 166 167 168 169 170 171 172 173 174 175
  /*176-191*/  176 177 178 179 180 181 182 183 184 185 186 187 188 189 190 191
  /*192-207*/  192 193 194 195 196 197 198 199 200 201 202 203 204 205 206 207
  /*208-223*/  208 209 210 211 212 213 214 215 216 217 218 219 220 221 222 223
  /*224-239*/  224 225 226 227 228 229 230 231 232 233 234 235 236 237 238 239
  /*240-255*/  241 241 243 243 245 245 247 247 248 249 250 251 252 253 254 255
ENDTABLE
ENDCASE


#---------------------------------------------------------------------------
# This table contains the basic case information for code page koi8-r
CASE
CODEPAGE-NAME KOI8-R
CASETABLE-NAME BASIC
TYPE 1
UPPERCASE-MAP
  /*000-015*/  000 001 002 003 004 005 006 007 008 009 010 011 012 013 014 015
  /*016-031*/  016 017 018 019 020 021 022 023 024 025 026 027 028 029 030 031
  /*032-047*/  032 033 034 035 036 037 038 039 040 041 042 043 044 045 046 047
  /*048-063*/  048 049 050 051 052 053 054 055 056 057 058 059 060 061 062 063
  /*064-079*/  064 065 066 067 068 069 070 071 072 073 074 075 076 077 078 079
  /*080-095*/  080 081 082 083 084 085 086 087 088 089 090 091 092 093 094 095
  /*096-111*/  096 065 066 067 068 069 070 071 072 073 074 075 076 077 078 079
  /*112-127*/  080 081 082 083 084 085 086 087 088 089 090 123 124 125 126 127
  /*128-143*/  128 129 130 131 132 133 134 135 136 137 138 139 140 141 142 143
  /*144-159*/  144 145 146 147 148 149 150 151 152 153 154 155 156 157 158 159
  /*160-175*/  160 161 162 179 164 165 166 167 168 169 170 171 172 173 174 175
  /*176-191*/  176 177 178 179 180 181 182 183 184 185 186 187 188 189 190 191
  /*192-207*/  224 225 226 227 228 229 230 231 232 233 234 235 236 237 238 239
  /*208-223*/  240 241 242 243 244 245 246 247 248 249 250 251 252 253 254 255
  /*224-239*/  224 225 226 227 228 229 230 231 232 233 234 235 236 237 238 239
  /*240-255*/  240 241 242 243 244 245 246 247 248 249 250 251 252 253 254 255
ENDTABLE
LOWERCASE-MAP
  /*000-015*/  000 001 002 003 004 005 006 007 008 009 010 011 012 013 014 015
  /*016-031*/  016 017 018 019 020 021 022 023 024 025 026 027 028 029 030 031
  /*032-047*/  032 033 034 035 036 037 038 039 040 041 042 043 044 045 046 047
  /*048-063*/  048 049 050 051 052 053 054 055 056 057 058 059 060 061 062 063
  /*064-079*/  064 097 098 099 100 101 102 103 104 105 106 107 108 109 110 111
  /*080-095*/  112 113 114 115 116 117 118 119 120 121 122 091 092 093 094 095
  /*096-111*/  096 097 098 099 100 101 102 103 104 105 106 107 108 109 110 111
  /*112-127*/  112 113 114 115 116 117 118 119 120 121 122 123 124 125 126 127
  /*128-143*/  128 129 130 131 132 133 134 135 136 137 138 139 140 141 142 143
  /*144-159*/  144 145 146 147 148 149 150 151 152 153 154 155 156 157 158 159
  /*160-175*/  160 161 162 163 164 165 166 167 168 169 170 171 172 173 174 175
  /*176-191*/  176 177 178 163 180 181 182 183 184 185 186 187 188 189 190 191
  /*192-207*/  192 193 194 195 196 197 198 199 200 201 202 203 204 205 206 207
  /*208-223*/  208 209 210 211 212 213 214 215 216 217 218 219 220 221 222 223
  /*224-239*/  192 193 194 195 196 197 198 199 200 201 202 203 204 205 206 207
  /*240-255*/  208 209 210 211 212 213 214 215 216 217 218 219 220 221 222 223
ENDTABLE
ENDCASE



#---------------------------------------------------------------------------
# This table contains the basic case information for code page iso8859-5
CASE
CODEPAGE-NAME ISO8859-5
CASETABLE-NAME BASIC
TYPE 1
UPPERCASE-MAP
  /*000-015*/  000 001 002 003 004 005 006 007 008 009 010 011 012 013 014 015
  /*016-031*/  016 017 018 019 020 021 022 023 024 025 026 027 028 029 030 031
  /*032-047*/  032 033 034 035 036 037 038 039 040 041 042 043 044 045 046 047
  /*048-063*/  048 049 050 051 052 053 054 055 056 057 058 059 060 061 062 063
  /*064-079*/  064 065 066 067 068 069 070 071 072 073 074 075 076 077 078 079
  /*080-095*/  080 081 082 083 084 085 086 087 088 089 090 091 092 093 094 095
  /*096-111*/  096 065 066 067 068 069 070 071 072 073 074 075 076 077 078 079
  /*112-127*/  080 081 082 083 084 085 086 087 088 089 090 123 124 125 126 127
  /*128-143*/  128 129 130 131 132 133 134 135 136 137 138 139 140 141 142 143
  /*144-159*/  144 145 146 147 148 149 150 151 152 153 154 155 156 157 158 159
  /*160-175*/  160 161 162 163 164 165 166 167 168 169 170 171 172 173 174 175
  /*176-191*/  176 177 178 179 180 181 182 183 184 185 186 187 188 189 190 191
  /*192-207*/  192 193 194 195 196 197 198 199 200 201 202 203 204 205 206 207
  /*208-223*/  176 177 178 179 180 181 182 183 184 185 186 187 188 189 190 191
  /*224-239*/  192 193 194 195 196 197 198 199 200 201 202 203 204 205 206 207
  /*240-255*/  240 161 162 163 164 165 166 167 168 169 170 171 172 253 174 175
ENDTABLE
LOWERCASE-MAP
  /*000-015*/  000 001 002 003 004 005 006 007 008 009 010 011 012 013 014 015
  /*016-031*/  016 017 018 019 020 021 022 023 024 025 026 027 028 029 030 031
  /*032-047*/  032 033 034 035 036 037 038 039 040 041 042 043 044 045 046 047
  /*048-063*/  048 049 050 051 052 053 054 055 056 057 058 059 060 061 062 063
  /*064-079*/  064 097 098 099 100 101 102 103 104 105 106 107 108 109 110 111
  /*080-095*/  112 113 114 115 116 117 118 119 120 121 122 091 092 093 094 095
  /*096-111*/  096 097 098 099 100 101 102 103 104 105 106 107 108 109 110 111
  /*112-127*/  112 113 114 115 116 117 118 119 120 121 122 123 124 125 126 127
  /*128-143*/  128 129 130 131 132 133 134 135 136 137 138 139 140 141 142 143
  /*144-159*/  144 145 146 147 148 149 150 151 152 153 154 155 156 157 158 159
  /*160-175*/  160 241 242 243 244 245 246 247 248 249 250 251 252 173 254 255
  /*176-191*/  208 209 210 211 212 213 214 215 216 217 218 219 220 221 222 223
  /*192-207*/  224 225 226 227 228 229 230 231 232 233 234 235 236 237 238 239
  /*208-223*/  208 209 210 211 212 213 214 215 216 217 218 219 220 221 222 223
  /*224-239*/  224 225 226 227 228 229 230 231 232 233 234 235 236 237 238 239
  /*240-255*/  240 241 242 243 244 245 246 247 248 249 250 251 252 253 254 255
ENDTABLE
ENDCASE



#---------------------------------------------------------------------------
# Collation tables for code page ibm866 and collation Russian
COLLATION
CODEPAGE-NAME IBM866
COLLATION-NAME RUSSIAN
COLLATION-TRANSLATION-VERSION 1.0-16
CASE-INSENSITIVE-SORT
  /*000-015*/  000 001 002 003 004 005 006 007 008 009 010 011 012 013 014 015
  /*016-031*/  016 017 018 019 020 021 022 023 024 025 026 027 028 029 030 031
  /*032-047*/  032 033 034 035 036 037 038 039 040 041 042 043 044 045 046 047
  /*048-063*/  048 049 050 051 052 053 054 055 056 057 058 059 060 061 062 063
  /*064-079*/  064 129 131 133 135 137 139 141 143 145 147 149 151 153 155 157
  /*080-095*/  159 161 163 165 167 169 171 173 175 177 179 199 200 201 202 203
  /*096-111*/  204 129 131 133 135 137 139 141 143 145 147 149 151 153 155 157
  /*112-127*/  159 161 163 165 167 169 171 173 175 177 179 205 206 207 208 209
  /*128-143*/  065 067 069 071 073 075 077 079 081 083 085 087 089 091 093 095
  /*144-159*/  097 099 101 103 105 107 109 111 113 115 117 119 121 123 125 127
  /*160-175*/  065 067 069 071 073 075 077 079 081 083 085 087 089 091 093 095
  /*176-191*/  210 211 212 213 214 215 216 217 218 219 220 221 222 223 224 225
  /*192-207*/  226 227 228 229 230 231 232 233 234 235 236 237 238 239 240 241
  /*208-223*/  242 181 183 185 081 187 189 191 193 195 243 197 244 181 183 185
  /*224-239*/  097 099 101 103 105 107 109 111 113 115 117 119 121 123 125 127
  /*240-255*/  075 075 075 075 081 081 103 103 081 187 189 191 193 195 245 197
ENDTABLE
CASE-SENSITIVE-SORT
  /*000-015*/  000 001 002 003 004 005 006 007 008 009 010 011 012 013 014 015
  /*016-031*/  016 017 018 019 020 021 022 023 024 025 026 027 028 029 030 031
  /*032-047*/  032 033 034 035 036 037 038 039 040 041 042 043 044 045 046 047
  /*048-063*/  048 049 050 051 052 053 054 055 056 057 058 059 060 061 062 063
  /*064-079*/  064 129 131 133 135 137 139 141 143 145 147 149 151 153 155 157
  /*080-095*/  159 161 163 165 167 169 171 173 175 177 179 199 200 201 202 203
  /*096-111*/  204 130 132 134 136 138 140 142 144 146 148 150 152 154 156 158
  /*112-127*/  160 162 164 166 168 170 172 174 176 178 180 205 206 207 208 209
  /*128-143*/  065 067 069 071 073 075 077 079 081 083 085 087 089 091 093 095
  /*144-159*/  097 099 101 103 105 107 109 111 113 115 117 119 121 123 125 127
  /*160-175*/  066 068 070 072 074 076 078 080 082 084 086 088 090 092 094 096
  /*176-191*/  210 211 212 213 214 215 216 217 218 219 220 221 222 223 224 225
  /*192-207*/  226 227 228 229 230 231 232 233 234 235 236 237 238 239 240 241
  /*208-223*/  242 181 183 185 081 187 189 191 193 195 243 197 244 182 184 186
  /*224-239*/  098 100 102 104 106 108 110 112 114 116 118 120 122 124 126 128
  /*240-255*/  075 076 075 076 081 082 103 104 082 188 190 192 194 196 245 198
ENDTABLE
ENDCOLLATION


#---------------------------------------------------------------------------
# Collation tables for code page koi8-r and collation Russian
COLLATION
CODEPAGE-NAME KOI8-R
COLLATION-NAME RUSSIAN
COLLATION-TRANSLATION-VERSION 1.0-16
CASE-INSENSITIVE-SORT
  /*000-015*/  000 001 002 003 004 005 006 007 008 009 010 011 012 013 014 015
  /*016-031*/  016 017 018 019 020 021 022 023 024 025 026 027 028 029 030 031
  /*032-047*/  032 033 034 035 036 037 038 039 040 041 042 043 044 045 046 047
  /*048-063*/  048 049 050 051 052 053 054 055 056 057 058 059 060 061 062 063
  /*064-079*/  064 129 131 133 135 137 139 141 143 145 147 149 151 153 155 157
  /*080-095*/  159 161 163 165 167 169 171 173 175 177 179 199 200 201 202 203
  /*096-111*/  204 129 131 133 135 137 139 141 143 145 147 149 151 153 155 157
  /*112-127*/  159 161 163 165 167 169 171 173 175 177 179 205 206 207 208 209
  /*128-143*/  210 211 212 213 214 215 216 217 218 219 220 221 222 223 224 225
  /*144-159*/  226 227 228 229 230 231 232 233 234 235 236 237 238 239 240 241
  /*160-175*/  242 181 183 075 075 185 081 081 187 189 191 193 195 243 103 197
  /*176-191*/  244 181 183 075 075 185 081 081 187 189 191 193 195 245 103 197
  /*192-207*/  125 065 067 109 073 075 105 071 107 081 083 085 087 089 091 093
  /*208-223*/  095 127 097 099 101 103 077 069 121 119 079 113 123 115 111 117
  /*224-239*/  125 065 067 109 073 075 105 071 107 081 083 085 087 089 091 093
  /*240-255*/  095 127 097 099 101 103 077 069 121 119 079 113 123 115 111 117
ENDTABLE
CASE-SENSITIVE-SORT
  /*000-015*/  000 001 002 003 004 005 006 007 008 009 010 011 012 013 014 015
  /*016-031*/  016 017 018 019 020 021 022 023 024 025 026 027 028 029 030 031
  /*032-047*/  032 033 034 035 036 037 038 039 040 041 042 043 044 045 046 047
  /*048-063*/  048 049 050 051 052 053 054 055 056 057 058 059 060 061 062 063
  /*064-079*/  064 129 131 133 135 137 139 141 143 145 147 149 151 153 155 157
  /*080-095*/  159 161 163 165 167 169 171 173 175 177 179 199 200 201 202 203
  /*096-111*/  204 130 132 134 136 138 140 142 144 146 148 150 152 154 156 158
  /*112-127*/  160 162 164 166 168 170 172 174 176 178 180 205 206 207 208 209
  /*128-143*/  210 211 212 213 214 215 216 217 218 219 220 221 222 223 224 225
  /*144-159*/  226 227 228 229 230 231 232 233 234 235 236 237 238 239 240 241
  /*160-175*/  242 181 183 076 075 185 081 081 187 189 191 193 195 243 103 197
  /*176-191*/  244 182 184 075 076 186 082 082 188 190 192 194 196 245 104 198
  /*192-207*/  126 066 068 110 074 076 106 072 108 082 084 086 088 090 092 094
  /*208-223*/  096 128 098 100 102 104 078 070 122 120 080 114 124 116 112 118
  /*224-239*/  125 065 067 109 073 075 105 071 107 081 083 085 087 089 091 093
  /*240-255*/  095 127 097 099 101 103 077 069 121 119 079 113 123 115 111 117
ENDTABLE
ENDCOLLATION


#---------------------------------------------------------------------------
# Collation tables for code page iso8859-5 and collation Russian
COLLATION
CODEPAGE-NAME ISO8859-5
COLLATION-NAME RUSSIAN
COLLATION-TRANSLATION-VERSION 1.0-16
CASE-INSENSITIVE-SORT
  /*000-015*/  000 001 002 003 004 005 006 007 008 009 010 011 012 013 014 015
  /*016-031*/  016 017 018 019 020 021 022 023 024 025 026 027 028 029 030 031
  /*032-047*/  032 033 034 035 036 037 038 039 040 041 042 043 044 045 046 047
  /*048-063*/  048 049 050 051 052 053 054 055 056 057 058 059 060 061 062 063
  /*064-079*/  064 129 131 133 135 137 139 141 143 145 147 149 151 153 155 157
  /*080-095*/  159 161 163 165 167 169 171 173 175 177 179 199 200 201 202 203
  /*096-111*/  204 129 131 133 135 137 139 141 143 145 147 149 151 153 155 157
  /*112-127*/  159 161 163 165 167 169 171 173 175 177 179 205 206 207 208 209
  /*128-143*/  210 211 212 213 214 215 216 217 218 219 220 221 222 223 224 225
  /*144-159*/  226 227 228 229 230 231 232 233 234 235 236 237 238 239 240 241
  /*160-175*/  242 075 181 183 075 185 081 081 187 189 191 193 195 243 103 197
  /*176-191*/  065 067 069 071 073 075 077 079 081 083 085 087 089 091 093 095
  /*192-207*/  097 099 101 103 105 107 109 111 113 115 117 119 121 123 125 127
  /*208-223*/  065 067 069 071 073 075 077 079 081 083 085 087 089 091 093 095
  /*224-239*/  097 099 101 103 105 107 109 111 113 115 117 119 121 123 125 127
  /*240-255*/  244 075 181 183 075 185 081 081 187 189 191 193 195 245 103 197
ENDTABLE
CASE-SENSITIVE-SORT
  /*000-015*/  000 001 002 003 004 005 006 007 008 009 010 011 012 013 014 015
  /*016-031*/  016 017 018 019 020 021 022 023 024 025 026 027 028 029 030 031
  /*032-047*/  032 033 034 035 036 037 038 039 040 041 042 043 044 045 046 047
  /*048-063*/  048 049 050 051 052 053 054 055 056 057 058 059 060 061 062 063
  /*064-079*/  064 129 131 133 135 137 139 141 143 145 147 149 151 153 155 157
  /*080-095*/  159 161 163 165 167 169 171 173 175 177 179 199 200 201 202 203
  /*096-111*/  204 130 132 134 136 138 140 142 144 146 148 150 152 154 156 158
  /*112-127*/  160 162 164 166 168 170 172 174 176 178 180 205 206 207 208 209
  /*128-143*/  210 211 212 213 214 215 216 217 218 219 220 221 222 223 224 225
  /*144-159*/  226 227 228 229 230 231 232 233 234 235 236 237 238 239 240 241
  /*160-175*/  242 075 181 183 075 185 081 081 187 189 191 193 195 243 103 197
  /*176-191*/  065 067 069 071 073 075 077 079 081 083 085 087 089 091 093 095
  /*192-207*/  097 099 101 103 105 107 109 111 113 115 117 119 121 123 125 127
  /*208-223*/  066 068 070 072 074 076 078 080 082 084 086 088 090 092 094 096
  /*224-239*/  098 100 102 104 106 108 110 112 114 116 118 120 122 124 126 128
  /*240-255*/  244 076 182 184 076 186 082 082 188 190 192 194 196 245 104 198
ENDTABLE
ENDCOLLATION



#---------------------------------------------------------------------------
# This table contains the basic case information for code page 1251
CASE
CODEPAGE-NAME 1251
CASETABLE-NAME BASIC
TYPE 1
UPPERCASE-MAP
  /*000-015*/  000 001 002 003 004 005 006 007 008 009 010 011 012 013 014 015
  /*016-031*/  016 017 018 019 020 021 022 023 024 025 026 027 028 029 030 031
  /*032-047*/  032 033 034 035 036 037 038 039 040 041 042 043 044 045 046 047
  /*048-063*/  048 049 050 051 052 053 054 055 056 057 058 059 060 061 062 063
  /*064-079*/  064 065 066 067 068 069 070 071 072 073 074 075 076 077 078 079
  /*080-095*/  080 081 082 083 084 085 086 087 088 089 090 091 092 093 094 095
  /*096-111*/  096 065 066 067 068 069 070 071 072 073 074 075 076 077 078 079
  /*112-127*/  080 081 082 083 084 085 086 087 088 089 090 123 124 125 126 127
  /*128-143*/  128 129 130 129 132 133 134 135 136 137 138 139 140 141 142 143
  /*144-159*/  128 145 146 147 148 149 150 151 152 153 138 155 140 141 142 143
  /*160-175*/  160 161 161 163 164 165 166 167 168 169 170 171 172 173 174 175
  /*176-191*/  176 177 178 178 165 181 182 183 168 185 170 187 163 189 189 175
  /*192-207*/  192 193 194 195 196 197 198 199 200 201 202 203 204 205 206 207
  /*208-223*/  208 209 210 211 212 213 214 215 216 217 218 219 220 221 222 223
  /*224-239*/  192 193 194 195 196 197 198 199 200 201 202 203 204 205 206 207
  /*240-255*/  208 209 210 211 212 213 214 215 216 217 218 219 220 221 222 223
ENDTABLE
LOWERCASE-MAP
  /*000-015*/  000 001 002 003 004 005 006 007 008 009 010 011 012 013 014 015
  /*016-031*/  016 017 018 019 020 021 022 023 024 025 026 027 028 029 030 031
  /*032-047*/  032 033 034 035 036 037 038 039 040 041 042 043 044 045 046 047
  /*048-063*/  048 049 050 051 052 053 054 055 056 057 058 059 060 061 062 063
  /*064-079*/  064 097 098 099 100 101 102 103 104 105 106 107 108 109 110 111
  /*080-095*/  112 113 114 115 116 117 118 119 120 121 122 091 092 093 094 095
  /*096-111*/  096 097 098 099 100 101 102 103 104 105 106 107 108 109 110 111
  /*112-127*/  112 113 114 115 116 117 118 119 120 121 122 123 124 125 126 127
  /*128-143*/  144 131 130 131 132 133 134 135 136 137 154 139 156 157 158 159
  /*144-159*/  144 145 146 147 148 149 150 151 152 153 154 155 156 157 158 159
  /*160-175*/  160 162 162 188 164 180 166 167 184 169 186 171 172 173 174 191
  /*176-191*/  176 177 179 179 180 181 182 183 184 185 186 187 188 190 190 191
  /*192-207*/  224 225 226 227 228 229 230 231 232 233 234 235 236 237 238 239
  /*208-223*/  240 241 242 243 244 245 246 247 248 249 250 251 252 253 254 255
  /*224-239*/  224 225 226 227 228 229 230 231 232 233 234 235 236 237 238 239
  /*240-255*/  240 241 242 243 244 245 246 247 248 249 250 251 252 253 254 255
ENDTABLE
ENDCASE


#---------------------------------------------------------------------------
# Collation tables for code page 1251 and collation Russian
COLLATION
CODEPAGE-NAME 1251
COLLATION-NAME RUSSIAN
COLLATION-TRANSLATION-VERSION 1.0-16
CASE-INSENSITIVE-SORT
  /*000-015*/  000 001 002 003 004 005 006 007 008 009 010 011 012 013 014 015
  /*016-031*/  016 017 018 019 020 021 022 023 024 025 026 027 028 029 030 031
  /*032-047*/  032 033 034 035 036 037 038 039 040 041 042 043 044 045 046 047
  /*048-063*/  048 049 050 051 052 053 054 055 056 057 058 059 060 061 062 063
  /*064-079*/  064 129 131 133 135 137 139 141 143 145 147 149 151 153 155 157
  /*080-095*/  159 161 163 165 167 169 171 173 175 177 179 199 200 201 202 203
  /*096-111*/  204 129 131 133 135 137 139 141 143 145 147 149 151 153 155 157
  /*112-127*/  159 161 163 165 167 169 171 173 175 177 179 205 206 207 208 209
  /*128-143*/  181 183 210 183 211 212 213 214 215 216 189 217 191 195 193 197
  /*144-159*/  181 218 219 220 221 222 223 224 225 226 189 227 191 195 193 197
  /*160-175*/  228 103 103 187 229 230 231 232 075 233 075 234 235 236 237 081
  /*176-191*/  238 239 081 081 230 241 242 243 075 244 075 245 187 185 185 081
  /*192-207*/  065 067 069 071 073 075 077 079 081 083 085 087 089 091 093 095
  /*208-223*/  097 099 101 103 105 107 109 111 113 115 117 119 121 123 125 127
  /*224-239*/  065 067 069 071 073 075 077 079 081 083 085 087 089 091 093 095
  /*240-255*/  097 099 101 103 105 107 109 111 113 115 117 119 121 123 125 127
ENDTABLE
CASE-SENSITIVE-SORT
  /*000-015*/  000 001 002 003 004 005 006 007 008 009 010 011 012 013 014 015
  /*016-031*/  016 017 018 019 020 021 022 023 024 025 026 027 028 029 030 031
  /*032-047*/  032 033 034 035 036 037 038 039 040 041 042 043 044 045 046 047
  /*048-063*/  048 049 050 051 052 053 054 055 056 057 058 059 060 061 062 063
  /*064-079*/  064 129 131 133 135 137 139 141 143 145 147 149 151 153 155 157
  /*080-095*/  159 161 163 165 167 169 171 173 175 177 179 199 200 201 202 203
  /*096-111*/  204 130 132 134 136 138 140 142 144 146 148 150 152 154 156 158
  /*112-127*/  160 162 164 166 168 170 172 174 176 178 180 205 206 207 208 209
  /*128-143*/  181 183 210 184 211 212 213 214 215 216 189 217 191 195 193 197
  /*144-159*/  182 218 219 220 221 222 223 224 225 226 190 227 192 196 194 198
  /*160-175*/  228 103 104 187 229 230 231 232 075 233 075 234 235 236 237 081
  /*176-191*/  238 239 081 082 240 241 242 243 076 244 076 245 188 185 186 082
  /*192-207*/  065 067 069 071 073 075 077 079 081 083 085 087 089 091 093 095
  /*208-223*/  097 099 101 103 105 107 109 111 113 115 117 119 121 123 125 127
  /*224-239*/  066 068 070 072 074 076 078 080 082 084 086 088 090 092 094 096
  /*240-255*/  098 100 102 104 106 108 110 112 114 116 118 120 122 124 126 128
ENDTABLE
ENDCOLLATION



#---------------------------------------------------------------------------
# This table contains the data needed to convert from code page 1251
# to code page ibm866
CONVERT
SOURCE-NAME "1251"
TARGET-NAME "IBM866"
TYPE "1"
  /*000-015*/  000 001 002 003 004 005 006 007 008 009 010 011 012 013 014 015
  /*016-031*/  016 017 018 019 020 021 022 023 024 025 026 027 028 029 030 031
  /*032-047*/  032 033 034 035 036 037 038 039 040 041 042 043 044 045 046 047
  /*048-063*/  048 049 050 051 052 053 054 055 056 057 058 059 060 061 062 063
  /*064-079*/  064 065 066 067 068 069 070 071 072 073 074 075 076 077 078 079
  /*080-095*/  080 081 082 083 084 085 086 087 088 089 090 091 092 093 094 095
  /*096-111*/  096 097 098 099 100 101 102 103 104 105 106 107 108 109 110 111
  /*112-127*/  112 113 114 115 116 117 118 119 120 121 122 123 124 125 126 127
  /*128-143*/  176 177 178 179 180 181 182 183 184 185 186 187 188 189 190 191
  /*144-159*/  192 193 194 195 196 197 198 199 200 201 202 203 204 205 206 207
  /*160-175*/  208 246 247 209 253 210 211 212 240 213 242 214 215 216 217 244
  /*176-191*/  248 218 219 220 221 222 223 249 241 252 243 250 251 254 255 245
  /*192-207*/  128 129 130 131 132 133 134 135 136 137 138 139 140 141 142 143
  /*208-223*/  144 145 146 147 148 149 150 151 152 153 154 155 156 157 158 159
  /*224-239*/  160 161 162 163 164 165 166 167 168 169 170 171 172 173 174 175
  /*240-255*/  224 225 226 227 228 229 230 231 232 233 234 235 236 237 238 239
ENDTABLE
ENDCONVERT


#---------------------------------------------------------------------------
# This table contains the data needed to convert from code page 1251 to
# code page koi8-r
CONVERT
SOURCE-NAME "1251"
TARGET-NAME "KOI8-R"
TYPE "1"
  /*000-015*/  000 001 002 003 004 005 006 007 008 009 010 011 012 013 014 015
  /*016-031*/  016 017 018 019 020 021 022 023 024 025 026 027 028 029 030 031
  /*032-047*/  032 033 034 035 036 037 038 039 040 041 042 043 044 045 046 047
  /*048-063*/  048 049 050 051 052 053 054 055 056 057 058 059 060 061 062 063
  /*064-079*/  064 065 066 067 068 069 070 071 072 073 074 075 076 077 078 079
  /*080-095*/  080 081 082 083 084 085 086 087 088 089 090 091 092 093 094 095
  /*096-111*/  096 097 098 099 100 101 102 103 104 105 106 107 108 109 110 111
  /*112-127*/  112 113 114 115 116 117 118 119 120 121 122 123 124 125 126 127
  /*128-143*/  128 129 130 131 132 133 134 135 136 137 138 139 140 141 142 143
  /*144-159*/  144 145 146 147 148 149 150 151 152 153 154 155 156 157 158 159
  /*160-175*/  160 161 162 164 165 166 167 168 179 169 170 171 172 173 174 175
  /*176-191*/  176 177 178 180 181 182 183 184 163 185 186 187 188 189 190 191
  /*192-207*/  225 226 247 231 228 229 246 250 233 234 235 236 237 238 239 240
  /*208-223*/  242 243 244 245 230 232 227 254 251 253 255 249 248 252 224 241
  /*224-239*/  193 194 215 199 196 197 214 218 201 202 203 204 205 206 207 208
  /*240-255*/  210 211 212 213 198 200 195 222 219 221 223 217 216 220 192 209
ENDTABLE
ENDCONVERT


#---------------------------------------------------------------------------
# This table contains the data necessary to convert from code page 1251 to
# code page iso8859-5
CONVERT
SOURCE-NAME "1251"
TARGET-NAME "ISO8859-5"
TYPE "1"
  /*000-015*/  000 001 002 003 004 005 006 007 008 009 010 011 012 013 014 015
  /*016-031*/  016 017 018 019 020 021 022 023 024 025 026 027 028 029 030 031
  /*032-047*/  032 033 034 035 036 037 038 039 040 041 042 043 044 045 046 047
  /*048-063*/  048 049 050 051 052 053 054 055 056 057 058 059 060 061 062 063
  /*064-079*/  064 065 066 067 068 069 070 071 072 073 074 075 076 077 078 079
  /*080-095*/  080 081 082 083 084 085 086 087 088 089 090 091 092 093 094 095
  /*096-111*/  096 097 098 099 100 101 102 103 104 105 106 107 108 109 110 111
  /*112-127*/  112 113 114 115 116 117 118 119 120 121 122 123 124 125 126 127
  /*128-143*/  162 163 128 243 129 130 131 132 133 134 169 135 170 172 171 175
  /*144-159*/  242 136 137 138 139 140 141 142 143 144 249 145 250 252 251 255
  /*160-175*/  146 174 254 168 147 148 149 150 161 151 164 152 153 154 155 167
  /*176-191*/  156 157 166 246 158 159 160 173 241 240 244 253 248 165 245 247
  /*192-207*/  176 177 178 179 180 181 182 183 184 185 186 187 188 189 190 191
  /*208-223*/  192 193 194 195 196 197 198 199 200 201 202 203 204 205 206 207
  /*224-239*/  208 209 210 211 212 213 214 215 216 217 218 219 220 221 222 223
  /*240-255*/  224 225 226 227 228 229 230 231 232 233 234 235 236 237 238 239
ENDTABLE
ENDCONVERT


#---------------------------------------------------------------------------
# This table contains the data needed to convert from code page ibm866 to
# code page koi8-r
CONVERT
SOURCE-NAME "IBM866"
TARGET-NAME "KOI8-R"
TYPE "1"
  /*000-015*/  000 001 002 003 004 005 006 007 008 009 010 011 012 013 014 015
  /*016-031*/  016 017 018 019 020 021 022 023 024 025 026 027 028 029 030 031
  /*032-047*/  032 033 034 035 036 037 038 039 040 041 042 043 044 045 046 047
  /*048-063*/  048 049 050 051 052 053 054 055 056 057 058 059 060 061 062 063
  /*064-079*/  064 065 066 067 068 069 070 071 072 073 074 075 076 077 078 079
  /*080-095*/  080 081 082 083 084 085 086 087 088 089 090 091 092 093 094 095
  /*096-111*/  096 097 098 099 100 101 102 103 104 105 106 107 108 109 110 111
  /*112-127*/  112 113 114 115 116 117 118 119 120 121 122 123 124 125 126 127
  /*128-143*/  225 226 247 231 228 229 246 250 233 234 235 236 237 238 239 240
  /*144-159*/  242 243 244 245 230 232 227 254 251 253 255 249 248 252 224 241
  /*160-175*/  193 194 215 199 196 197 214 218 201 202 203 204 205 206 207 208
  /*176-191*/  128 129 130 131 132 133 134 135 136 137 138 139 140 141 142 143
  /*192-207*/  144 145 146 147 148 149 150 151 152 153 154 155 156 157 158 159
  /*208-223*/  160 161 162 164 165 166 167 168 169 170 171 172 173 174 175 176
  /*224-239*/  210 211 212 213 198 200 195 222 219 221 223 217 216 220 192 209
  /*240-255*/  179 163 177 178 180 181 182 183 184 185 186 187 188 189 190 191
ENDTABLE
ENDCONVERT


#---------------------------------------------------------------------------
# This table contains the data needed to convert from code page ibm866 to
# code page iso8859-5
CONVERT
SOURCE-NAME "IBM866"
TARGET-NAME "ISO8859-5"
TYPE "1"
  /*000-015*/  000 001 002 003 004 005 006 007 008 009 010 011 012 013 014 015
  /*016-031*/  016 017 018 019 020 021 022 023 024 025 026 027 028 029 030 031
  /*032-047*/  032 033 034 035 036 037 038 039 040 041 042 043 044 045 046 047
  /*048-063*/  048 049 050 051 052 053 054 055 056 057 058 059 060 061 062 063
  /*064-079*/  064 065 066 067 068 069 070 071 072 073 074 075 076 077 078 079
  /*080-095*/  080 081 082 083 084 085 086 087 088 089 090 091 092 093 094 095
  /*096-111*/  096 097 098 099 100 101 102 103 104 105 106 107 108 109 110 111
  /*112-127*/  112 113 114 115 116 117 118 119 120 121 122 123 124 125 126 127
  /*128-143*/  176 177 178 179 180 181 182 183 184 185 186 187 188 189 190 191
  /*144-159*/  192 193 194 195 196 197 198 199 200 201 202 203 204 205 206 207
  /*160-175*/  208 209 210 211 212 213 214 215 216 217 218 219 220 221 222 223
  /*176-191*/  128 129 130 131 132 133 134 135 136 137 138 139 140 141 142 143
  /*192-207*/  144 145 146 147 148 149 150 151 152 153 154 155 156 157 158 159
  /*208-223*/  255 162 163 165 166 168 169 170 171 172 173 175 251 242 243 245
  /*224-239*/  224 225 226 227 228 229 230 231 232 233 234 235 236 237 238 239
  /*240-255*/  161 241 164 244 167 247 174 254 246 248 249 250 240 252 253 160
ENDTABLE
ENDCONVERT


#---------------------------------------------------------------------------
# This table contains the data needed to convert from code page iso8859-5
# to code page koi8-r
CONVERT
SOURCE-NAME "ISO8859-5"
TARGET-NAME "KOI8-R"
TYPE "1"
  /*000-015*/  000 001 002 003 004 005 006 007 008 009 010 011 012 013 014 015
  /*016-031*/  016 017 018 019 020 021 022 023 024 025 026 027 028 029 030 031
  /*032-047*/  032 033 034 035 036 037 038 039 040 041 042 043 044 045 046 047
  /*048-063*/  048 049 050 051 052 053 054 055 056 057 058 059 060 061 062 063
  /*064-079*/  064 065 066 067 068 069 070 071 072 073 074 075 076 077 078 079
  /*080-095*/  080 081 082 083 084 085 086 087 088 089 090 091 092 093 094 095
  /*096-111*/  096 097 098 099 100 101 102 103 104 105 106 107 108 109 110 111
  /*112-127*/  112 113 114 115 116 117 118 119 120 121 122 123 124 125 126 127
  /*128-143*/  128 129 130 131 132 133 134 135 136 137 138 139 140 141 142 143
  /*144-159*/  144 145 146 147 148 149 150 151 152 153 154 155 156 157 158 159
  /*160-175*/  160 179 161 162 164 165 166 167 168 169 170 171 172 173 174 175
  /*176-191*/  225 226 247 231 228 229 246 250 233 234 235 236 237 238 239 240
  /*192-207*/  242 243 244 245 230 232 227 254 251 253 255 249 248 252 224 241
  /*208-223*/  193 194 215 199 196 197 214 218 201 202 203 204 205 206 207 208
  /*224-239*/  210 211 212 213 198 200 195 222 219 221 223 217 216 220 192 209
  /*240-255*/  176 163 177 178 180 181 182 183 184 185 186 187 188 189 190 191
ENDTABLE
ENDCONVERT

