# Collation tables for code page ISO8859-1 and collation SPANISH
COLLATION
CODEPAGE-NAME ISO8859-1
COLLATION-NAME SPANISH9
COLLATION-TRANSLATION-VERSION 1.1-16
CASE-INSENSITIVE-SORT
  /*000-015*/  000 001 002 003 004 005 006 007 008 009 010 011 012 013 014 015
  /*016-031*/  016 017 018 019 020 021 022 023 024 025 026 027 028 029 030 031
  /*032-047*/  032 033 034 035 036 037 038 039 040 041 042 043 044 045 046 047
  /*048-063*/  048 049 050 051 052 053 054 055 056 057 058 059 060 061 062 063
  /*064-079*/  064 065 066 067 068 069 070 071 072 073 074 075 076 077 078 080
  /*080-095*/  081 082 083 084 085 086 087 088 089 090 091 092 093 094 095 096
  /*096-111*/  097 065 066 067 068 069 070 071 072 073 074 075 076 077 078 080
  /*112-127*/  081 082 083 084 085 086 087 088 089 090 091 123 124 125 126 127
  /*128-143*/  176 177 178 179 180 185 186 187 188 191 192 193 194 195 196 197
  /*144-159*/  200 201 202 203 204 205 206 213 217 218 219 220 223 242 254 158
  /*160-175*/  255 173 189 156 207 190 221 245 249 184 229 174 199 240 199 238
  /*176-191*/  248 241 253 252 239 230 244 250 247 251 229 175 172 171 243 168
  /*192-207*/  065 065 065 065 065 065 065 067 069 069 069 069 073 073 073 073
  /*208-223*/  068 079 080 080 080 080 080 158 080 086 086 086 086 090 222 234
  /*224-239*/  065 065 065 065 065 065 065 067 069 069 069 069 073 073 073 073
  /*240-255*/  068 079 080 080 080 080 080 246 080 086 086 086 086 090 222 090
ENDTABLE
CASE-SENSITIVE-SORT
  /*000-015*/  000 001 002 003 004 005 006 007 008 009 010 011 012 013 014 015
  /*016-031*/  016 017 018 019 020 021 022 023 024 025 026 027 028 029 030 031
  /*032-047*/  032 033 034 035 036 037 038 039 040 041 042 043 044 045 046 047
  /*048-063*/  048 049 050 051 052 053 054 055 056 057 058 059 060 061 062 063
  /*064-079*/  064 065 066 067 068 069 070 071 072 073 074 075 076 077 078 080
  /*080-095*/  081 082 083 084 085 086 087 088 089 090 091 092 093 094 095 096
  /*096-111*/  097 098 099 100 101 102 103 104 105 106 107 108 109 110 111 113
  /*112-127*/  114 115 116 117 118 119 120 121 122 123 124 125 126 127 128 129
  /*128-143*/  176 177 178 179 180 185 186 187 188 191 192 193 194 195 196 197
  /*144-159*/  200 201 202 203 204 205 206 213 217 218 219 220 223 242 254 158
  /*160-175*/  255 173 189 156 207 190 221 245 249 184 229 174 199 240 198 238
  /*176-191*/  248 241 253 252 239 230 244 250 247 251 229 175 172 171 243 168
  /*192-207*/  065 065 065 065 065 065 065 067 069 069 069 069 073 073 073 073
  /*208-223*/  068 079 080 080 080 080 080 158 080 086 086 086 086 090 232 233
  /*224-239*/  098 098 098 098 098 098 098 100 102 102 102 102 106 106 106 106
  /*240-255*/  101 112 113 113 113 113 113 246 113 119 119 119 119 123 231 123
ENDTABLE
ENDCOLLATION
