#---------------------------------------------------------------------------
# This table is for the attributes of the code page TIS 620-2533, the
# Thai Industrial Standard
CODEPAGE
CODEPAGE-NAME "620-2533"
TYPE "1"
ISALPHA
  /*000-015*/  000 000 000 000 000 000 000 000 000 000 000 000 000 000 000 000
  /*016-031*/  000 000 000 000 000 000 000 000 000 000 000 000 000 000 000 000
  /*032-047*/  000 000 000 000 000 000 000 000 000 000 000 000 000 000 000 000
  /*048-063*/  000 000 000 000 000 000 000 000 000 000 000 000 000 000 000 000
  /*064-079*/  000 001 001 001 001 001 001 001 001 001 001 001 001 001 001 001
  /*080-095*/  001 001 001 001 001 001 001 001 001 001 001 000 000 000 000 000
  /*096-111*/  000 001 001 001 001 001 001 001 001 001 001 001 001 001 001 001
  /*112-127*/  001 001 001 001 001 001 001 001 001 001 001 000 000 000 000 000
  /*128-143*/  000 000 000 000 000 000 000 000 000 000 000 000 000 000 000 000
  /*144-159*/  000 000 000 000 000 000 000 000 000 000 000 000 000 000 000 000
  /*160-175*/  000 001 001 001 001 001 001 001 001 001 001 001 001 001 001 001
  /*176-191*/  001 001 001 001 001 001 001 001 001 001 001 001 001 001 001 001
  /*192-207*/  001 001 001 001 001 001 001 001 001 001 001 001 001 001 001 001
  /*208-223*/  001 001 001 001 001 001 001 001 001 001 001 000 000 000 000 000
  /*224-239*/  001 001 001 001 001 001 001 001 001 001 001 001 001 001 001 001
  /*240-255*/  000 000 000 000 000 000 000 000 000 000 001 001 000 000 000 000
ENDTABLE
ENDCODEPAGE

#---------------------------------------------------------------------------
# This table contains the basic case information for the
# TIS 620-2533 code page
CASE
CODEPAGE-NAME 620-2533
CASETABLE-NAME BASIC
TYPE 1
UPPERCASE-MAP
  /*000-015*/  000 001 002 003 004 005 006 007 008 009 010 011 012 013 014 015
  /*016-031*/  016 017 018 019 020 021 022 023 024 025 026 027 028 029 030 031
  /*032-047*/  032 033 034 035 036 037 038 039 040 041 042 043 044 045 046 047
  /*048-063*/  048 049 050 051 052 053 054 055 056 057 058 059 060 061 062 063
  /*064-079*/  064 065 066 067 068 069 070 071 072 073 074 075 076 077 078 079
  /*080-095*/  080 081 082 083 084 085 086 087 088 089 090 091 092 093 094 095
  /*096-111*/  096 065 066 067 068 069 070 071 072 073 074 075 076 077 078 079
  /*112-127*/  080 081 082 083 084 085 086 087 088 089 090 123 124 125 126 127
  /*128-143*/  128 129 130 131 132 133 134 135 136 137 138 139 140 141 142 143
  /*144-159*/  144 145 146 147 148 149 150 151 152 153 154 155 156 157 158 159
  /*160-175*/  160 161 162 163 164 165 166 167 168 169 170 171 172 173 174 175
  /*176-191*/  176 177 178 179 180 181 182 183 184 185 186 187 188 189 190 191
  /*192-207*/  192 193 194 195 196 197 198 199 200 201 202 203 204 205 206 207
  /*208-223*/  208 209 210 211 212 213 214 215 216 217 218 219 220 221 222 223
  /*224-239*/  224 225 226 227 228 229 230 231 232 233 234 235 236 237 238 239
  /*240-255*/  240 241 242 243 244 245 246 247 248 249 250 251 252 253 254 255
ENDTABLE
LOWERCASE-MAP
  /*000-015*/  000 001 002 003 004 005 006 007 008 009 010 011 012 013 014 015
  /*016-031*/  016 017 018 019 020 021 022 023 024 025 026 027 028 029 030 031
  /*032-047*/  032 033 034 035 036 037 038 039 040 041 042 043 044 045 046 047
  /*048-063*/  048 049 050 051 052 053 054 055 056 057 058 059 060 061 062 063
  /*064-079*/  064 097 098 099 100 101 102 103 104 105 106 107 108 109 110 111
  /*080-095*/  112 113 114 115 116 117 118 119 120 121 122 091 092 093 094 095
  /*096-111*/  096 097 098 099 100 101 102 103 104 105 106 107 108 109 110 111
  /*112-127*/  112 113 114 115 116 117 118 119 120 121 122 123 124 125 126 127
  /*128-143*/  128 129 130 131 132 133 134 135 136 137 138 139 140 141 142 143
  /*144-159*/  144 145 146 147 148 149 150 151 152 153 154 155 156 157 158 159
  /*160-175*/  160 161 162 163 164 165 166 167 168 169 170 171 172 173 174 175
  /*176-191*/  176 177 178 179 180 181 182 183 184 185 186 187 188 189 190 191
  /*192-207*/  192 193 194 195 196 197 198 199 200 201 202 203 204 205 206 207
  /*208-223*/  208 209 210 211 212 213 214 215 216 217 218 219 220 221 222 223
  /*224-239*/  224 225 226 227 228 229 230 231 232 233 234 235 236 237 238 239
  /*240-255*/  240 241 242 243 244 245 246 247 248 249 250 251 252 253 254 255
ENDTABLE
ENDCASE

#---------------------------------------------------------------------------
# Collation tables for code page 620-2533 and collation THAI-OLD.
# These are for old databases using collation THAI. The new BASIC collation
# is recommended.
COLLATION
CODEPAGE-NAME 620-2533
COLLATION-NAME THAI-OLD
COLLATION-TRANSLATION-VERSION 1.0-16
CASE-INSENSITIVE-SORT
  /*000-015*/  000 001 002 003 004 005 006 007 008 009 010 011 012 013 014 015
  /*016-031*/  016 017 018 019 020 021 022 023 024 025 026 027 028 029 030 031
  /*032-047*/  032 033 034 035 036 037 038 039 040 041 042 043 044 045 046 047
  /*048-063*/  048 049 050 051 052 053 054 055 056 057 058 059 060 061 062 063
  /*064-079*/  064 152 154 156 158 160 162 164 166 168 170 172 174 176 178 180
  /*080-095*/  182 184 186 188 190 192 194 196 198 200 202 204 205 206 207 208
  /*096-111*/  209 152 154 156 158 160 162 164 166 168 170 172 174 176 178 180
  /*112-127*/  182 184 186 188 190 192 194 196 198 200 202 210 211 212 213 214
  /*128-143*/  215 216 217 218 219 220 221 222 223 224 225 226 227 228 229 230
  /*144-159*/  231 232 233 234 235 236 237 238 239 240 241 242 243 244 245 246
  /*160-175*/  247 065 066 067 068 069 070 071 072 073 074 075 076 077 078 079
  /*176-191*/  080 081 082 083 084 085 086 087 088 089 090 091 092 093 094 095
  /*192-207*/  096 097 098 099 100 101 102 103 104 105 106 107 108 109 110 111
  /*208-223*/  112 113 114 115 116 117 118 119 120 121 122 248 249 250 251 123
  /*224-239*/  124 125 126 127 128 129 130 131 132 133 134 135 136 137 138 139
  /*240-255*/  140 141 142 143 144 145 146 147 148 149 150 151 252 253 254 255
ENDTABLE
CASE-SENSITIVE-SORT
  /*000-015*/  000 001 002 003 004 005 006 007 008 009 010 011 012 013 014 015
  /*016-031*/  016 017 018 019 020 021 022 023 024 025 026 027 028 029 030 031
  /*032-047*/  032 033 034 035 036 037 038 039 040 041 042 043 044 045 046 047
  /*048-063*/  048 049 050 051 052 053 054 055 056 057 058 059 060 061 062 063
  /*064-079*/  064 152 154 156 158 160 162 164 166 168 170 172 174 176 178 180
  /*080-095*/  182 184 186 188 190 192 194 196 198 200 202 204 205 206 207 208
  /*096-111*/  209 153 155 157 159 161 163 165 167 169 171 173 175 177 179 181
  /*112-127*/  183 185 187 189 191 193 195 197 199 201 203 210 211 212 213 214
  /*128-143*/  215 216 217 218 219 220 221 222 223 224 225 226 227 228 229 230
  /*144-159*/  231 232 233 234 235 236 237 238 239 240 241 242 243 244 245 246
  /*160-175*/  247 065 066 067 068 069 070 071 072 073 074 075 076 077 078 079
  /*176-191*/  080 081 082 083 084 085 086 087 088 089 090 091 092 093 094 095
  /*192-207*/  096 097 098 099 100 101 102 103 104 105 106 107 108 109 110 111
  /*208-223*/  112 113 114 115 116 117 118 119 120 121 122 248 249 250 251 123
  /*224-239*/  124 125 126 127 128 129 130 131 132 133 134 135 136 137 138 139
  /*240-255*/  140 141 142 143 144 145 146 147 148 149 150 151 252 253 254 255
ENDTABLE
ENDCOLLATION

#---------------------------------------------------------------------------
# Collation tables for code page 620-2533 and collation BASIC using 
# collation-translation-version 4.0 (Thai) 
#
#
COLLATION
CODEPAGE-NAME 620-2533
COLLATION-NAME BASIC
COLLATION-TRANSLATION-VERSION 4.0-16
CASE-INSENSITIVE-SORT
  /*000-015*/  000 001 002 003 004 005 006 007 008 009 010 011 012 013 014 015  
  /*016-031*/  016 017 018 019 020 021 022 023 024 025 026 234 235 236 237 238  
  /*032-047*/  032 033 034 035 036 039 040 041 042 043 044 045 046 047 048 049  
  /*048-063*/  050 052 054 056 058 060 062 064 066 068 070 071 072 073 074 075  
  /*064-079*/  076 077 079 081 083 085 087 089 091 093 095 097 099 101 103 105  
  /*080-095*/  107 109 111 113 115 117 119 121 123 125 127 129 130 131 132 133  
  /*096-111*/  134 077 079 081 083 085 087 089 091 093 095 097 099 101 103 105  
  /*112-127*/  107 109 111 113 115 117 119 121 123 125 127 135 136 137 138 139  
  /*128-143*/  037 140 141 142 143 144 145 146 147 148 149 150 151 152 153 154  
  /*144-159*/  155 156 157 158 159 160 161 162 163 164 165 166 167 168 169 170  
  /*160-175*/  171 172 173 174 175 176 177 178 179 180 181 182 183 184 185 186  
  /*176-191*/  187 188 189 190 191 192 193 194 195 196 197 198 199 200 201 202  
  /*192-207*/  203 204 205 206 207 208 209 210 211 212 213 214 215 216 217 218  
  /*208-223*/  219 008 221 222 016 024 032 040 048 056 229 230 231 232 233 038  
  /*224-239*/  027 028 029 030 031 239 240 003 004 005 006 007 001 064 248 249  
  /*240-255*/  051 053 055 057 059 061 063 065 067 069 250 251 252 253 254 255  
ENDTABLE
CASE-SENSITIVE-SORT
  /*000-015*/  000 001 002 003 004 005 006 007 008 009 010 011 012 013 014 015  
  /*016-031*/  016 017 018 019 020 021 022 023 024 025 026 234 235 236 237 238  
  /*032-047*/  032 033 034 035 036 039 040 041 042 043 044 045 046 047 048 049  
  /*048-063*/  050 052 054 056 058 060 062 064 066 068 070 071 072 073 074 075  
  /*064-079*/  076 077 079 081 083 085 087 089 091 093 095 097 099 101 103 105  
  /*080-095*/  107 109 111 113 115 117 119 121 123 125 127 129 130 131 132 133  
  /*096-111*/  134 078 080 082 084 086 088 090 092 094 096 098 100 102 104 106  
  /*112-127*/  108 110 112 114 116 118 120 122 124 126 128 135 136 137 138 139  
  /*128-143*/  037 140 141 142 143 144 145 146 147 148 149 150 151 152 153 154  
  /*144-159*/  155 156 157 158 159 160 161 162 163 164 165 166 167 168 169 170  
  /*160-175*/  171 172 173 174 175 176 177 178 179 180 181 182 183 184 185 186  
  /*176-191*/  187 188 189 190 191 192 193 194 195 196 197 198 199 200 201 202  
  /*192-207*/  203 204 205 206 207 208 209 210 211 212 213 214 215 216 217 218  
  /*208-223*/  219 008 221 222 016 024 032 040 048 056 229 230 231 232 233 038  
  /*224-239*/  027 028 029 030 031 239 240 003 004 005 006 007 001 064 248 249  
  /*240-255*/  051 053 055 057 059 061 063 065 067 069 250 251 252 253 254 255  
ENDTABLE
ENDCOLLATION

