
#---------------------------------------------------------------------------
# This contains the data needed to translate from
# code page 1254 (Turkish MSW or iso8859-9) to code page ibm857 (Turkish DOS)
CONVERT
SOURCE-NAME "1254"
TARGET-NAME "IBM857"
TYPE "1"
  /*000-015*/  000 001 002 003 004 005 006 007 008 009 010 011 012 013 014 015
  /*016-031*/  016 017 018 019 020 021 022 023 024 025 026 027 028 029 030 031
  /*032-047*/  032 033 034 035 036 037 038 039 040 041 042 043 044 045 046 047
  /*048-063*/  048 049 050 051 052 053 054 055 056 057 058 059 060 061 062 063
  /*064-079*/  064 065 066 067 068 069 070 071 072 073 074 075 076 077 078 079
  /*080-095*/  080 081 082 083 084 085 086 087 088 089 090 091 092 093 094 095
  /*096-111*/  096 097 098 099 100 101 102 103 104 105 106 107 108 109 110 111
  /*112-127*/  112 113 114 115 116 117 118 119 120 121 122 123 124 125 126 127
  /*128-143*/  176 177 178 179 180 185 186 187 188 191 192 193 194 195 196 197
  /*144-159*/  200 201 202 203 204 250 205 206 213 217 218 219 220 223 231 242
  /*160-175*/  255 173 189 156 207 190 221 245 249 184 209 174 170 240 169 238
  /*176-191*/  248 241 253 252 239 230 244 254 247 251 208 175 172 171 243 168
  /*192-207*/  183 181 182 199 142 143 146 128 212 144 210 211 222 214 215 216
  /*208-223*/  166 165 227 224 226 229 153 232 157 235 233 234 154 152 158 225
  /*224-239*/  133 160 131 198 132 134 145 135 138 130 136 137 236 161 140 139
  /*240-255*/  167 164 149 162 147 228 148 246 155 151 163 150 129 141 159 237
ENDTABLE
ENDCONVERT


#---------------------------------------------------------------------------
# Case tables for code page 1254
CASE
CODEPAGE-NAME 1254
CASETABLE-NAME BASIC
TYPE 1
UPPERCASE-MAP
  /*000-015*/  000 001 002 003 004 005 006 007 008 009 010 011 012 013 014 015
  /*016-031*/  016 017 018 019 020 021 022 023 024 025 026 027 028 029 030 031
  /*032-047*/  032 033 034 035 036 037 038 039 040 041 042 043 044 045 046 047
  /*048-063*/  048 049 050 051 052 053 054 055 056 057 058 059 060 061 062 063
  /*064-079*/  064 065 066 067 068 069 070 071 072 073 074 075 076 077 078 079
  /*080-095*/  080 081 082 083 084 085 086 087 088 089 090 091 092 093 094 095
  /*096-111*/  096 065 066 067 068 069 070 071 072 073 074 075 076 077 078 079
  /*112-127*/  080 081 082 083 084 085 086 087 088 089 090 123 124 125 126 127
  /*128-143*/  128 129 130 131 132 133 134 135 136 137 138 139 140 141 142 143
  /*144-159*/  144 145 146 147 148 149 150 151 152 153 138 155 140 157 158 159
  /*160-175*/  160 161 162 163 164 165 166 167 168 169 170 171 172 173 174 175
  /*176-191*/  176 177 178 179 180 181 182 183 184 185 186 187 188 189 190 191
  /*192-207*/  192 193 194 195 196 197 198 199 200 201 202 203 204 205 206 207
  /*208-223*/  208 209 210 211 212 213 214 215 216 217 218 219 220 221 222 223
  /*224-239*/  192 193 194 195 196 197 198 199 200 201 202 203 204 205 206 207
  /*240-255*/  208 209 210 211 212 213 214 247 216 217 218 219 220 221 222 159
ENDTABLE
LOWERCASE-MAP
  /*000-015*/  000 001 002 003 004 005 006 007 008 009 010 011 012 013 014 015
  /*016-031*/  016 017 018 019 020 021 022 023 024 025 026 027 028 029 030 031
  /*032-047*/  032 033 034 035 036 037 038 039 040 041 042 043 044 045 046 047
  /*048-063*/  048 049 050 051 052 053 054 055 056 057 058 059 060 061 062 063
  /*064-079*/  064 097 098 099 100 101 102 103 104 105 106 107 108 109 110 111
  /*080-095*/  112 113 114 115 116 117 118 119 120 121 122 091 092 093 094 095
  /*096-111*/  096 097 098 099 100 101 102 103 104 105 106 107 108 109 110 111
  /*112-127*/  112 113 114 115 116 117 118 119 120 121 122 123 124 125 126 127
  /*128-143*/  128 129 130 131 132 133 134 135 136 137 154 139 156 141 142 143
  /*144-159*/  144 145 146 147 148 149 150 151 152 153 154 155 156 157 158 255
  /*160-175*/  160 161 162 163 164 165 166 167 168 169 170 171 172 173 174 175
  /*176-191*/  176 177 178 179 180 181 182 183 184 185 186 187 188 189 190 191
  /*192-207*/  224 225 226 227 228 229 230 231 232 233 234 235 236 237 238 239
  /*208-223*/  240 241 242 243 244 245 246 215 248 249 250 251 252 253 254 223
  /*224-239*/  224 225 226 227 228 229 230 231 232 233 234 235 236 237 238 239
  /*240-255*/  240 241 242 243 244 245 246 247 248 249 250 251 252 253 254 255
ENDTABLE
ENDCASE


#---------------------------------------------------------------------------
# Attribute tables for code page 1254
CODEPAGE
CODEPAGE-NAME "1254"
TYPE "1"
ISALPHA
  /*000-015*/  000 000 000 000 000 000 000 000 000 000 000 000 000 000 000 000
  /*016-031*/  000 000 000 000 000 000 000 000 000 000 000 000 000 000 000 000
  /*032-047*/  000 000 000 000 000 000 000 000 000 000 000 000 000 000 000 000
  /*048-063*/  000 000 000 000 000 000 000 000 000 000 000 000 000 000 000 000
  /*064-079*/  000 001 001 001 001 001 001 001 001 001 001 001 001 001 001 001
  /*080-095*/  001 001 001 001 001 001 001 001 001 001 001 000 000 000 000 000
  /*096-111*/  000 001 001 001 001 001 001 001 001 001 001 001 001 001 001 001
  /*112-127*/  001 001 001 001 001 001 001 001 001 001 001 000 000 000 000 000
  /*128-143*/  000 000 000 000 000 000 000 000 000 000 001 000 001 000 000 000
  /*144-159*/  000 000 000 000 000 000 000 000 000 000 001 000 001 000 000 001
  /*160-175*/  000 000 000 000 000 000 000 000 000 000 000 000 000 000 000 000
  /*176-191*/  000 000 000 000 000 000 000 000 000 000 000 000 000 000 000 000
  /*192-207*/  001 001 001 001 001 001 001 001 001 001 001 001 001 001 001 001
  /*208-223*/  001 001 001 001 001 001 001 000 001 001 001 001 001 001 001 001
  /*224-239*/  001 001 001 001 001 001 001 001 001 001 001 001 001 001 001 001
  /*240-255*/  001 001 001 001 001 001 001 000 001 001 001 001 001 001 001 001
ENDTABLE
ENDCODEPAGE


#---------------------------------------------------------------------------
# Case tables for code page ibm857
CASE
CODEPAGE-NAME IBM857
CASETABLE-NAME BASIC
TYPE 1
UPPERCASE-MAP
  /*000-015*/  000 001 002 003 004 005 006 007 008 009 010 011 012 013 014 015
  /*016-031*/  016 017 018 019 020 021 022 023 024 025 026 027 028 029 030 031
  /*032-047*/  032 033 034 035 036 037 038 039 040 041 042 043 044 045 046 047
  /*048-063*/  048 049 050 051 052 053 054 055 056 057 058 059 060 061 062 063
  /*064-079*/  064 065 066 067 068 069 070 071 072 073 074 075 076 077 078 079
  /*080-095*/  080 081 082 083 084 085 086 087 088 089 090 091 092 093 094 095
  /*096-111*/  096 065 066 067 068 069 070 071 072 073 074 075 076 077 078 079
  /*112-127*/  080 081 082 083 084 085 086 087 088 089 090 123 124 125 126 127
  /*128-143*/  128 154 144 182 142 183 143 128 210 211 212 216 215 152 142 143
  /*144-159*/  144 146 146 226 153 227 234 235 152 153 154 157 156 157 158 158
  /*160-175*/  181 214 224 233 165 165 166 166 168 169 170 171 172 173 174 175
  /*176-191*/  176 177 178 179 180 181 182 183 184 185 186 187 188 189 190 191
  /*192-207*/  192 193 194 195 196 197 199 199 200 201 202 203 204 205 206 207
  /*208-223*/  208 209 210 211 212 213 214 215 216 217 218 219 220 221 222 223
  /*224-239*/  224 225 226 227 229 229 230 231 232 233 234 235 222 089 238 239
  /*240-255*/  240 241 242 243 244 245 246 247 248 249 250 251 252 253 254 255
ENDTABLE
LOWERCASE-MAP
  /*000-015*/  000 001 002 003 004 005 006 007 008 009 010 011 012 013 014 015
  /*016-031*/  016 017 018 019 020 021 022 023 024 025 026 027 028 029 030 031
  /*032-047*/  032 033 034 035 036 037 038 039 040 041 042 043 044 045 046 047
  /*048-063*/  048 049 050 051 052 053 054 055 056 057 058 059 060 061 062 063
  /*064-079*/  064 097 098 099 100 101 102 103 104 105 106 107 108 109 110 111
  /*080-095*/  112 113 114 115 116 117 118 119 120 121 122 091 092 093 094 095
  /*096-111*/  096 097 098 099 100 101 102 103 104 105 106 107 108 109 110 111
  /*112-127*/  112 113 114 115 116 117 118 119 120 121 122 123 124 125 126 127
  /*128-143*/  135 129 130 131 132 133 134 135 136 137 138 139 140 141 132 134
  /*144-159*/  130 145 145 147 148 149 150 151 141 148 129 155 156 155 159 159
  /*160-175*/  160 161 162 163 164 164 167 167 168 169 170 171 172 173 174 175
  /*176-191*/  176 177 178 179 180 160 131 133 184 185 186 187 188 189 190 191
  /*192-207*/  192 193 194 195 196 197 198 198 200 201 202 203 204 205 206 207
  /*208-223*/  208 209 136 137 138 213 161 140 139 217 218 219 220 221 236 223
  /*224-239*/  162 225 147 149 228 228 230 231 232 163 150 151 236 237 238 239
  /*240-255*/  240 241 242 243 244 245 246 247 248 249 250 251 252 253 254 255
ENDTABLE
ENDCASE


#---------------------------------------------------------------------------
# Attribute tables for code page ibm857
CODEPAGE
CODEPAGE-NAME "IBM857"
TYPE "1"
ISALPHA
  /*000-015*/  000 000 000 000 000 000 000 000 000 000 000 000 000 000 000 000
  /*016-031*/  000 000 000 000 000 000 000 000 000 000 000 000 000 000 000 000
  /*032-047*/  000 000 000 000 000 000 000 000 000 000 000 000 000 000 000 000
  /*048-063*/  000 000 000 000 000 000 000 000 000 000 000 000 000 000 000 000
  /*064-079*/  000 001 001 001 001 001 001 001 001 001 001 001 001 001 001 001
  /*080-095*/  001 001 001 001 001 001 001 001 001 001 001 000 000 000 000 000
  /*096-111*/  000 001 001 001 001 001 001 001 001 001 001 001 001 001 001 001
  /*112-127*/  001 001 001 001 001 001 001 001 001 001 001 000 000 000 000 000
  /*128-143*/  001 001 001 001 001 001 001 001 001 001 001 001 001 001 001 001
  /*144-159*/  001 001 001 001 001 001 001 001 001 001 001 001 000 001 001 001
  /*160-175*/  001 001 001 001 001 001 001 001 000 000 000 000 000 000 000 000
  /*176-191*/  000 000 000 000 000 001 001 001 000 000 000 000 000 000 000 000
  /*192-207*/  000 000 000 000 000 000 001 001 000 000 000 000 000 000 000 000
  /*208-223*/  000 000 001 001 001 000 001 001 001 000 000 000 000 000 001 000
  /*224-239*/  001 001 001 001 001 001 000 000 000 001 001 001 001 001 000 000
  /*240-255*/  000 000 000 000 000 000 000 000 000 000 000 000 000 000 000 000
ENDTABLE
ENDCODEPAGE


#---------------------------------------------------------------------------
# Collation tables for code page 1254 and collation Turkish
COLLATION
CODEPAGE-NAME 1254
COLLATION-NAME TURKISH
COLLATION-TRANSLATION-VERSION 1.0-16
CASE-INSENSITIVE-SORT
  /*000-015*/  000 001 002 003 004 005 006 007 008 009 010 011 012 013 014 015
  /*016-031*/  016 017 018 019 020 021 022 023 024 025 026 027 028 029 030 031
  /*032-047*/  032 033 034 035 036 037 038 039 040 041 042 043 044 045 046 047
  /*048-063*/  048 049 050 051 052 053 054 055 056 057 058 059 060 061 062 063
  /*064-079*/  064 065 067 069 073 075 077 079 083 085 089 091 093 095 097 099
  /*080-095*/  103 105 107 109 113 115 119 121 123 125 127 133 134 135 136 137
  /*096-111*/  138 065 067 069 073 075 077 079 083 085 089 091 093 095 097 099
  /*112-127*/  103 105 107 109 113 115 119 121 123 125 127 139 140 141 142 143
  /*128-143*/  144 145 146 147 148 149 150 151 152 153 154 156 131 157 158 159
  /*144-159*/  160 161 162 163 164 165 166 167 168 169 154 170 131 171 172 125
  /*160-175*/  173 174 175 176 177 178 179 180 181 182 183 184 185 186 187 188
  /*176-191*/  189 190 191 192 193 194 195 196 197 198 199 200 201 202 203 204
  /*192-207*/  065 065 065 065 065 065 129 071 075 075 075 075 085 085 085 085
  /*208-223*/  081 097 099 099 099 099 101 205 099 115 115 115 117 087 111 206
  /*224-239*/  065 065 065 065 065 065 129 071 075 075 075 075 085 085 085 085
  /*240-255*/  081 097 099 099 099 099 101 207 099 115 115 115 117 087 111 125
ENDTABLE
CASE-SENSITIVE-SORT
  /*000-015*/  000 001 002 003 004 005 006 007 008 009 010 011 012 013 014 015
  /*016-031*/  016 017 018 019 020 021 022 023 024 025 026 027 028 029 030 031
  /*032-047*/  032 033 034 035 036 037 038 039 040 041 042 043 044 045 046 047
  /*048-063*/  048 049 050 051 052 053 054 055 056 057 058 059 060 061 062 063
  /*064-079*/  064 065 067 069 073 075 077 079 083 085 089 091 093 095 097 099
  /*080-095*/  103 105 107 109 113 115 119 121 123 125 127 133 134 135 136 137
  /*096-111*/  138 066 068 070 074 076 078 080 084 086 090 092 094 096 098 100
  /*112-127*/  104 106 108 110 114 116 120 122 124 126 128 139 140 141 142 143
  /*128-143*/  144 145 146 147 148 149 150 151 152 153 154 156 131 157 158 159
  /*144-159*/  160 161 162 163 164 165 166 167 168 169 155 170 132 171 172 125
  /*160-175*/  173 174 175 176 177 178 179 180 181 182 183 184 185 186 187 188
  /*176-191*/  189 190 191 192 193 194 195 196 197 198 199 200 201 202 203 204
  /*192-207*/  065 065 065 065 065 065 129 071 075 075 075 075 085 085 085 085
  /*208-223*/  081 097 099 099 099 099 101 205 099 115 115 115 117 087 111 206
  /*224-239*/  066 066 066 066 066 066 130 072 076 076 076 076 086 086 086 086
  /*240-255*/  082 098 100 100 100 100 102 207 100 116 116 116 118 088 112 126
ENDTABLE
ENDCOLLATION


#---------------------------------------------------------------------------
# Collation tables for code page 1254 and collation Turkish-comp
# for use with the COMPARE and COLLATE 4gl functions
COLLATION
CODEPAGE-NAME 1254
COLLATION-NAME TURKISH-COMP
COLLATION-TRANSLATION-VERSION 1.1-16
CASE-INSENSITIVE-SORT
  /*000-015*/  000 001 002 003 004 005 006 007 008 009 010 011 012 013 014 015
  /*016-031*/  016 017 018 019 020 021 022 023 024 025 026 027 028 029 030 031
  /*032-047*/  032 033 034 035 036 037 038 039 040 041 042 043 044 045 046 047
  /*048-063*/  048 049 050 051 052 053 054 055 056 057 058 059 060 061 062 063
  /*064-079*/  064 065 067 069 073 075 077 079 083 085 089 091 093 095 097 099
  /*080-095*/  103 105 107 109 113 115 119 121 123 125 127 133 134 135 136 137
  /*096-111*/  138 065 067 069 073 075 077 079 083 087 089 091 093 095 097 099
  /*112-127*/  103 105 107 109 113 115 119 121 123 125 127 139 140 141 142 143
  /*128-143*/  144 145 146 147 148 149 150 151 152 153 154 156 131 157 158 159
  /*144-159*/  160 161 162 163 164 165 166 167 168 169 154 170 131 171 172 125
  /*160-175*/  173 174 175 176 177 178 179 180 181 182 183 184 185 186 187 188
  /*176-191*/  189 190 191 192 193 194 195 196 197 198 199 200 201 202 203 204
  /*192-207*/  065 065 065 065 065 065 129 071 075 075 075 075 085 085 085 085
  /*208-223*/  081 097 099 099 099 099 101 205 099 115 115 115 117 087 111 206
  /*224-239*/  065 065 065 065 065 065 129 071 075 075 075 075 085 085 085 085
  /*240-255*/  081 097 099 099 099 099 101 207 099 115 115 115 117 085 111 125
ENDTABLE
CASE-SENSITIVE-SORT
  /*000-015*/  000 001 002 003 004 005 006 007 008 009 010 011 012 013 014 015
  /*016-031*/  016 017 018 019 020 021 022 023 024 025 026 027 028 029 030 031
  /*032-047*/  032 033 034 035 036 037 038 039 040 041 042 043 044 045 046 047
  /*048-063*/  048 049 050 051 052 053 054 055 056 057 058 059 060 061 062 063
  /*064-079*/  064 065 067 069 073 075 077 079 083 085 089 091 093 095 097 099
  /*080-095*/  103 105 107 109 113 115 119 121 123 125 127 133 134 135 136 137
  /*096-111*/  138 066 068 070 074 076 078 080 084 088 090 092 094 096 098 100
  /*112-127*/  104 106 108 110 114 116 120 122 124 126 128 139 140 141 142 143
  /*128-143*/  144 145 146 147 148 149 150 151 152 153 154 156 131 157 158 159
  /*144-159*/  160 161 162 163 164 165 166 167 168 169 155 170 132 171 172 125
  /*160-175*/  173 174 175 176 177 178 179 180 181 182 183 184 185 186 187 188
  /*176-191*/  189 190 191 192 193 194 195 196 197 198 199 200 201 202 203 204
  /*192-207*/  065 065 065 065 065 065 129 071 075 075 075 075 085 085 085 085
  /*208-223*/  081 097 099 099 099 099 101 205 099 115 115 115 117 087 111 206
  /*224-239*/  066 066 066 066 066 066 130 072 076 076 076 076 086 086 086 086
  /*240-255*/  082 098 100 100 100 100 102 207 100 116 116 116 118 086 112 126
ENDTABLE
ENDCOLLATION

#---------------------------------------------------------------------------
# Collation tables for code page ibm857 and collation Turkish
COLLATION
CODEPAGE-NAME IBM857
COLLATION-NAME TURKISH
COLLATION-TRANSLATION-VERSION 1.0-16
CASE-INSENSITIVE-SORT
  /*000-015*/  000 001 002 003 004 005 006 007 008 009 010 011 012 013 014 015
  /*016-031*/  016 017 018 019 020 021 022 023 024 025 026 027 028 029 030 031
  /*032-047*/  032 033 034 035 036 037 038 039 040 041 042 043 044 045 046 047
  /*048-063*/  048 049 050 051 052 053 054 055 056 057 058 059 060 061 062 063
  /*064-079*/  064 065 067 069 073 075 077 079 083 085 089 091 093 095 097 099
  /*080-095*/  103 105 107 109 113 115 119 121 123 125 127 133 134 135 136 137
  /*096-111*/  138 065 067 069 073 075 077 079 083 085 089 091 093 095 097 099
  /*112-127*/  103 105 107 109 113 115 119 121 123 125 127 139 140 141 142 143
  /*128-143*/  071 117 075 065 065 065 065 071 075 075 075 085 085 087 065 065
  /*144-159*/  075 129 129 099 101 099 115 115 087 101 117 099 176 099 111 111
  /*160-175*/  065 085 099 115 097 097 081 081 204 187 185 202 201 174 184 200
  /*176-191*/  144 145 146 147 148 065 065 065 182 149 150 151 152 175 178 153
  /*192-207*/  154 156 131 157 158 159 065 065 160 161 162 163 164 166 167 177
  /*208-223*/  199 183 075 075 075 168 085 085 085 169 154 170 131 179 085 171
  /*224-239*/  099 206 099 099 099 099 194 172 205 115 115 115 085 125 188 193
  /*240-255*/  186 190 125 203 195 180 207 197 189 181 165 198 192 191 196 173
ENDTABLE
CASE-SENSITIVE-SORT
  /*000-015*/  000 001 002 003 004 005 006 007 008 009 010 011 012 013 014 015
  /*016-031*/  016 017 018 019 020 021 022 023 024 025 026 027 028 029 030 031
  /*032-047*/  032 033 034 035 036 037 038 039 040 041 042 043 044 045 046 047
  /*048-063*/  048 049 050 051 052 053 054 055 056 057 058 059 060 061 062 063
  /*064-079*/  064 065 067 069 073 075 077 079 083 085 089 091 093 095 097 099
  /*080-095*/  103 105 107 109 113 115 119 121 123 125 127 133 134 135 136 137
  /*096-111*/  138 066 068 070 074 076 078 080 084 086 090 092 094 096 098 100
  /*112-127*/  104 106 108 110 114 116 120 122 124 126 128 139 140 141 142 143
  /*128-143*/  071 118 076 066 066 066 066 072 076 076 076 086 086 088 065 065
  /*144-159*/  075 130 129 100 102 100 116 116 087 101 117 100 176 099 111 112
  /*160-175*/  066 086 100 116 098 097 081 082 204 187 185 202 201 174 184 200
  /*176-191*/  144 145 146 147 148 065 065 065 182 149 150 151 152 175 178 153
  /*192-207*/  154 156 131 157 158 159 066 065 160 161 162 163 164 166 167 177
  /*208-223*/  199 183 075 075 075 168 085 085 085 169 155 170 132 179 085 171
  /*224-239*/  099 206 099 099 100 099 194 172 205 115 115 115 086 126 188 193
  /*240-255*/  186 190 125 203 195 180 207 197 189 181 165 198 192 191 196 173
ENDTABLE
ENDCOLLATION


