
#---------------------------------------------------------------------------
# This table contains the attributes for code page undefined
# It actually contains data for ibm850, to provide backwards compatibility
# with version 6.
CODEPAGE
CODEPAGE-NAME "UNDEFINED"
TYPE "1"
ISALPHA
  /*000-015*/  000 000 000 000 000 000 000 000 000 000 000 000 000 000 000 000
  /*016-031*/  000 000 000 000 000 000 000 000 000 000 000 000 000 000 000 000
  /*032-047*/  000 000 000 000 000 000 000 000 000 000 000 000 000 000 000 000
  /*048-063*/  000 000 000 000 000 000 000 000 000 000 000 000 000 000 000 000
  /*064-079*/  000 001 001 001 001 001 001 001 001 001 001 001 001 001 001 001
  /*080-095*/  001 001 001 001 001 001 001 001 001 001 001 000 000 000 000 000
  /*096-111*/  000 001 001 001 001 001 001 001 001 001 001 001 001 001 001 001
  /*112-127*/  001 001 001 001 001 001 001 001 001 001 001 000 000 000 000 000
  /*128-143*/  001 001 001 001 001 001 001 001 001 001 001 001 001 001 001 001
  /*144-159*/  001 001 001 001 001 001 001 001 001 001 001 001 000 001 000 000
  /*160-175*/  001 001 001 001 001 001 000 000 000 000 000 000 000 000 000 000
  /*176-191*/  000 000 000 000 000 001 001 001 000 000 000 000 000 000 000 000
  /*192-207*/  000 000 000 000 000 000 001 001 000 000 000 000 000 000 000 000
  /*208-223*/  001 001 001 001 001 001 001 001 001 000 000 000 000 000 001 000
  /*224-239*/  001 001 001 001 001 001 000 001 001 001 001 001 001 001 000 000
  /*240-255*/  000 000 000 000 000 000 000 000 000 000 000 000 000 000 000 000
ENDTABLE
ENDCODEPAGE



#---------------------------------------------------------------------------
# Case tables for code page undefined and collation basic
# It is defaulted to be the same as code page ibm850 and collation basic
# to maintain compatibility with release 7.2
CASE
CODEPAGE-NAME UNDEFINED
CASETABLE-NAME BASIC
TYPE 1
UPPERCASE-MAP
  /*000-015*/  000 001 002 003 004 005 006 007 008 009 010 011 012 013 014 015
  /*016-031*/  016 017 018 019 020 021 022 023 024 025 026 027 028 029 030 031
  /*032-047*/  032 033 034 035 036 037 038 039 040 041 042 043 044 045 046 047
  /*048-063*/  048 049 050 051 052 053 054 055 056 057 058 059 060 061 062 063
  /*064-079*/  064 065 066 067 068 069 070 071 072 073 074 075 076 077 078 079
  /*080-095*/  080 081 082 083 084 085 086 087 088 089 090 091 092 093 094 095
  /*096-111*/  096 065 066 067 068 069 070 071 072 073 074 075 076 077 078 079
  /*112-127*/  080 081 082 083 084 085 086 087 088 089 090 123 124 125 126 127
  /*128-143*/  128 154 144 182 142 183 143 128 210 211 212 216 215 222 142 143
  /*144-159*/  144 146 146 226 153 227 234 235 089 153 154 157 156 157 158 159
  /*160-175*/  181 214 224 233 165 165 166 167 168 169 170 171 172 173 174 175
  /*176-191*/  176 177 178 179 180 181 182 183 184 185 186 187 188 189 190 191
  /*192-207*/  192 193 194 195 196 197 199 199 200 201 202 203 204 205 206 207
  /*208-223*/  209 209 210 211 212 213 214 215 216 217 218 219 220 221 222 223
  /*224-239*/  224 225 226 227 229 229 230 232 232 233 234 235 237 237 238 239
  /*240-255*/  240 241 242 243 244 245 246 247 248 249 250 251 252 253 254 255
ENDTABLE
LOWERCASE-MAP
  /*000-015*/  000 001 002 003 004 005 006 007 008 009 010 011 012 013 014 015
  /*016-031*/  016 017 018 019 020 021 022 023 024 025 026 027 028 029 030 031
  /*032-047*/  032 033 034 035 036 037 038 039 040 041 042 043 044 045 046 047
  /*048-063*/  048 049 050 051 052 053 054 055 056 057 058 059 060 061 062 063
  /*064-079*/  064 097 098 099 100 101 102 103 104 105 106 107 108 109 110 111
  /*080-095*/  112 113 114 115 116 117 118 119 120 121 122 091 092 093 094 095
  /*096-111*/  096 097 098 099 100 101 102 103 104 105 106 107 108 109 110 111
  /*112-127*/  112 113 114 115 116 117 118 119 120 121 122 123 124 125 126 127
  /*128-143*/  135 129 130 131 132 133 134 135 136 137 138 139 140 141 132 134
  /*144-159*/  130 145 145 147 148 149 150 151 152 148 129 155 156 155 158 159
  /*160-175*/  160 161 162 163 164 164 166 167 168 169 170 171 172 173 174 175
  /*176-191*/  176 177 178 179 180 160 131 133 184 185 186 187 188 189 190 191
  /*192-207*/  192 193 194 195 196 197 198 198 200 201 202 203 204 205 206 207
  /*208-223*/  208 208 136 137 138 213 161 140 139 217 218 219 220 221 141 223
  /*224-239*/  162 225 147 149 228 228 230 231 231 163 150 151 236 236 238 239
  /*240-255*/  240 241 242 243 244 245 246 247 248 249 250 251 252 253 254 255
ENDTABLE
ENDCASE


#---------------------------------------------------------------------------
# Case tables for code page undefined and collation French
# It is defaulted to be the same as code page ibm850 and collation French
# to maintain compatibility with release 7.2
CASE
CODEPAGE-NAME UNDEFINED
CASETABLE-NAME FRENCH
TYPE 1
UPPERCASE-MAP
  /*000-015*/  000 001 002 003 004 005 006 007 008 009 010 011 012 013 014 015
  /*016-031*/  016 017 018 019 020 021 022 023 024 025 026 027 028 029 030 031
  /*032-047*/  032 033 034 035 036 037 038 039 040 041 042 043 044 045 046 047
  /*048-063*/  048 049 050 051 052 053 054 055 056 057 058 059 060 061 062 063
  /*064-079*/  064 065 066 067 068 069 070 071 072 073 074 075 076 077 078 079
  /*080-095*/  080 081 082 083 084 085 086 087 088 089 090 091 092 093 094 095
  /*096-111*/  096 065 066 067 068 069 070 071 072 073 074 075 076 077 078 079
  /*112-127*/  080 081 082 083 084 085 086 087 088 089 090 123 124 125 126 127
  /*128-143*/  128 154 069 065 142 065 143 067 210 211 069 073 073 222 142 143
  /*144-159*/  144 146 146 079 153 227 085 235 089 153 154 157 156 157 158 159
  /*160-175*/  181 214 224 233 165 165 166 167 168 169 170 171 172 173 174 175
  /*176-191*/  176 177 178 179 180 181 182 183 184 185 186 187 188 189 190 191
  /*192-207*/  192 193 194 195 196 197 199 199 200 201 202 203 204 205 206 207
  /*208-223*/  209 209 210 211 212 213 214 215 216 217 218 219 220 221 222 223
  /*224-239*/  224 225 226 227 229 229 230 232 232 233 234 235 237 237 238 239
  /*240-255*/  240 241 242 243 244 245 246 247 248 249 250 251 252 253 254 255
ENDTABLE
LOWERCASE-MAP
  /*000-015*/  000 001 002 003 004 005 006 007 008 009 010 011 012 013 014 015
  /*016-031*/  016 017 018 019 020 021 022 023 024 025 026 027 028 029 030 031
  /*032-047*/  032 033 034 035 036 037 038 039 040 041 042 043 044 045 046 047
  /*048-063*/  048 049 050 051 052 053 054 055 056 057 058 059 060 061 062 063
  /*064-079*/  064 097 098 099 100 101 102 103 104 105 106 107 108 109 110 111
  /*080-095*/  112 113 114 115 116 117 118 119 120 121 122 091 092 093 094 095
  /*096-111*/  096 097 098 099 100 101 102 103 104 105 106 107 108 109 110 111
  /*112-127*/  112 113 114 115 116 117 118 119 120 121 122 123 124 125 126 127
  /*128-143*/  135 129 130 131 132 133 134 135 136 137 138 139 140 141 132 134
  /*144-159*/  130 145 145 147 148 149 150 151 152 148 129 155 156 155 158 159
  /*160-175*/  160 161 162 163 164 164 166 167 168 169 170 171 172 173 174 175
  /*176-191*/  176 177 178 179 180 160 131 133 184 185 186 187 188 189 190 191
  /*192-207*/  192 193 194 195 196 197 198 198 200 201 202 203 204 205 206 207
  /*208-223*/  208 208 136 137 138 213 161 140 139 217 218 219 220 221 141 223
  /*224-239*/  162 225 147 149 228 228 230 231 231 163 150 151 236 236 238 239
  /*240-255*/  240 241 242 243 244 245 246 247 248 249 250 251 252 253 254 255
ENDTABLE
ENDCASE



#---------------------------------------------------------------------------
# Collation tables for code page undefined and collation Basic
# It is defaulted to be the same as code page ibm850 and collation basic
# to maintain compatibility with release 7.2
COLLATION
CODEPAGE-NAME UNDEFINED
COLLATION-NAME BASIC
COLLATION-TRANSLATION-VERSION 1.0-16
CASE-INSENSITIVE-SORT
  /*000-015*/  000 001 002 003 004 005 006 007 008 009 010 011 012 013 014 015
  /*016-031*/  016 017 018 019 020 021 022 023 024 025 026 027 028 029 030 031
  /*032-047*/  032 033 034 035 036 037 038 039 040 041 042 043 044 045 046 047
  /*048-063*/  048 049 050 051 052 053 054 055 056 057 058 059 060 061 062 063
  /*064-079*/  064 065 066 067 068 069 070 071 072 073 074 075 076 077 078 079
  /*080-095*/  080 081 082 083 084 085 086 087 088 089 090 091 092 093 094 095
  /*096-111*/  096 065 066 067 068 069 070 071 072 073 074 075 076 077 078 079
  /*112-127*/  080 081 082 083 084 085 086 087 088 089 090 123 124 125 126 127
  /*128-143*/  067 085 069 065 065 065 143 067 069 069 069 073 073 073 065 143
  /*144-159*/  069 146 146 079 079 079 085 085 089 079 085 157 156 157 158 158
  /*160-175*/  065 073 079 085 078 078 229 229 168 199 199 171 172 173 174 175
  /*176-191*/  176 177 178 179 180 065 065 065 184 185 186 187 188 189 190 191
  /*192-207*/  192 193 194 195 196 197 065 065 200 201 202 203 204 205 206 207
  /*208-223*/  068 068 069 069 069 213 073 073 073 217 218 219 220 221 073 223
  /*224-239*/  079 000 079 079 079 079 230 232 232 085 085 085 089 089 238 239
  /*240-255*/  240 241 242 243 244 245 246 247 248 249 250 251 252 253 000 255
ENDTABLE
CASE-SENSITIVE-SORT
  /*000-015*/  000 001 002 003 004 005 006 007 008 009 010 011 012 013 014 015
  /*016-031*/  016 017 018 019 020 021 022 023 024 025 026 027 028 029 030 031
  /*032-047*/  032 033 034 035 036 037 038 039 040 041 042 043 044 045 046 047
  /*048-063*/  048 049 050 051 052 053 054 055 056 057 058 059 060 061 062 063
  /*064-079*/  064 065 066 067 068 069 070 071 072 073 074 075 076 077 078 079
  /*080-095*/  080 081 082 083 084 085 086 087 088 089 090 091 092 093 094 095
  /*096-111*/  096 097 098 099 100 101 102 103 104 105 106 107 108 109 110 111
  /*112-127*/  112 113 114 115 116 117 118 119 120 121 122 123 124 125 126 127
  /*128-143*/  067 117 101 097 097 097 134 099 101 101 101 105 105 105 065 143
  /*144-159*/  069 145 146 111 111 111 117 117 121 079 085 155 156 157 158 158
  /*160-175*/  097 105 111 117 110 078 229 229 168 198 199 171 172 173 174 175
  /*176-191*/  176 177 178 179 180 065 065 065 184 185 186 187 188 189 190 191
  /*192-207*/  192 193 194 195 196 197 097 065 200 201 202 203 204 205 206 207
  /*208-223*/  208 209 069 069 069 213 073 073 073 217 218 219 220 221 073 223
  /*224-239*/  079 000 079 079 228 229 230 231 232 085 079 085 121 089 238 239
  /*240-255*/  240 241 242 243 244 245 246 247 248 249 250 251 252 253 000 255
ENDTABLE
ENDCOLLATION


#---------------------------------------------------------------------------
# Collation tables for code page undefined and collation Tranman.
# The lower 128 values (ASCII) sort the same as the basic collation, and the 
# upper 128 sort weights are the same as the character values, to preserve all
# differences in the data. This sort should be used by Tranman.
COLLATION
CODEPAGE-NAME UNDEFINED
COLLATION-NAME TRANMAN
COLLATION-TRANSLATION-VERSION 1.1-16
CASE-INSENSITIVE-SORT 
  /*000-015*/  000 001 002 003 004 005 006 007 008 009 010 011 012 013 014 015
  /*016-031*/  016 017 018 019 020 021 022 023 024 025 026 027 028 029 030 031
  /*032-047*/  032 033 034 035 036 037 038 039 040 041 042 043 044 045 046 047
  /*048-063*/  048 049 050 051 052 053 054 055 056 057 058 059 060 061 062 063
  /*064-079*/  064 065 066 067 068 069 070 071 072 073 074 075 076 077 078 079
  /*080-095*/  080 081 082 083 084 085 086 087 088 089 090 091 092 093 094 095
  /*096-111*/  096 065 066 067 068 069 070 071 072 073 074 075 076 077 078 079
  /*112-127*/  080 081 082 083 084 085 086 087 088 089 090 123 124 125 126 127
  /*128-143*/  128 129 130 131 132 133 134 135 136 137 138 139 140 141 142 143
  /*144-159*/  144 145 146 147 148 149 150 151 152 153 154 155 156 157 158 159
  /*160-175*/  160 161 162 163 164 165 166 167 168 169 170 171 172 173 174 175
  /*176-191*/  176 177 178 179 180 181 182 183 184 185 186 187 188 189 190 191
  /*192-207*/  192 193 194 195 196 197 198 199 200 201 202 203 204 205 206 207
  /*208-223*/  208 209 210 211 212 213 214 215 216 217 218 219 220 221 222 223
  /*224-239*/  224 225 226 227 228 229 230 231 232 233 234 235 236 237 238 239
  /*240-255*/  240 241 242 243 244 245 246 247 248 249 250 251 252 253 254 255
ENDTABLE
CASE-SENSITIVE-SORT
  /*000-015*/  000 001 002 003 004 005 006 007 008 009 010 011 012 013 014 015
  /*016-031*/  016 017 018 019 020 021 022 023 024 025 026 027 028 029 030 031
  /*032-047*/  032 033 034 035 036 037 038 039 040 041 042 043 044 045 046 047
  /*048-063*/  048 049 050 051 052 053 054 055 056 057 058 059 060 061 062 063
  /*064-079*/  064 065 066 067 068 069 070 071 072 073 074 075 076 077 078 079
  /*080-095*/  080 081 082 083 084 085 086 087 088 089 090 091 092 093 094 095
  /*096-111*/  096 097 098 099 100 101 102 103 104 105 106 107 108 109 110 111
  /*112-127*/  112 113 114 115 116 117 118 119 120 121 122 123 124 125 126 127
  /*128-143*/  128 129 130 131 132 133 134 135 136 137 138 139 140 141 142 143
  /*144-159*/  144 145 146 147 148 149 150 151 152 153 154 155 156 157 158 159
  /*160-175*/  160 161 162 163 164 165 166 167 168 169 170 171 172 173 174 175
  /*176-191*/  176 177 178 179 180 181 182 183 184 185 186 187 188 189 190 191
  /*192-207*/  192 193 194 195 196 197 198 199 200 201 202 203 204 205 206 207
  /*208-223*/  208 209 210 211 212 213 214 215 216 217 218 219 220 221 222 223
  /*224-239*/  224 225 226 227 228 229 230 231 232 233 234 235 236 237 238 239
  /*240-255*/  240 241 242 243 244 245 246 247 248 249 250 251 252 253 254 255
ENDTABLE
ENDCOLLATION
