
#---------------------------------------------------------------------------
# This table contains the attributes for code page ibm861
CODEPAGE
CODEPAGE-NAME "IBM861"
TYPE "1"
ISALPHA
  /*000-015*/  000 000 000 000 000 000 000 000 000 000 000 000 000 000 000 000
  /*016-031*/  000 000 000 000 000 000 000 000 000 000 000 000 000 000 000 000
  /*032-047*/  000 000 000 000 000 000 000 000 000 000 000 000 000 000 000 000
  /*048-063*/  000 000 000 000 000 000 000 000 000 000 000 000 000 000 000 000
  /*064-079*/  000 001 001 001 001 001 001 001 001 001 001 001 001 001 001 001
  /*080-095*/  001 001 001 001 001 001 001 001 001 001 001 000 000 000 000 000
  /*096-111*/  000 001 001 001 001 001 001 001 001 001 001 001 001 001 001 001
  /*112-127*/  001 001 001 001 001 001 001 001 001 001 001 000 000 000 000 000
  /*128-143*/  001 001 001 001 001 001 001 001 001 001 001 001 001 001 001 001
  /*144-159*/  001 001 001 001 001 001 001 001 001 001 001 001 000 001 000 000
  /*160-175*/  001 001 001 001 001 001 001 001 000 000 000 000 000 000 000 000
  /*176-191*/  000 000 000 000 000 000 000 000 000 000 000 000 000 000 000 000
  /*192-207*/  000 000 000 000 000 000 000 000 000 000 000 000 000 000 000 000
  /*208-223*/  000 000 000 000 000 000 000 000 000 000 000 000 000 000 000 000
  /*224-239*/  000 001 000 000 000 000 000 000 000 000 000 000 000 000 000 000
  /*240-255*/  000 000 000 000 000 000 000 000 000 000 000 000 000 000 000 000
ENDTABLE
ENDCODEPAGE


#---------------------------------------------------------------------------
# Case table for Icelandic code page ibm861
CASE
CODEPAGE-NAME IBM861
CASETABLE-NAME BASIC
TYPE 1
UPPERCASE-MAP
  /*000-015*/  000 001 002 003 004 005 006 007 008 009 010 011 012 013 014 015
  /*016-031*/  016 017 018 019 020 021 022 023 024 025 026 027 028 029 030 031
  /*032-047*/  032 033 034 035 036 037 038 039 040 041 042 043 044 045 046 047
  /*048-063*/  048 049 050 051 052 053 054 055 056 057 058 059 060 061 062 063
  /*064-079*/  064 065 066 067 068 069 070 071 072 073 074 075 076 077 078 079
  /*080-095*/  080 081 082 083 084 085 086 087 088 089 090 091 092 093 094 095
  /*096-111*/  096 065 066 067 068 069 070 071 072 073 074 075 076 077 078 079
  /*112-127*/  080 081 082 083 084 085 086 087 088 089 090 123 124 125 126 127
  /*128-143*/  128 154 144 131 142 133 143 128 136 137 138 139 139 141 142 143
  /*144-159*/  144 146 146 147 153 141 150 151 151 153 154 157 156 157 158 159
  /*160-175*/  164 165 166 167 164 165 166 167 168 169 170 171 172 173 174 175
  /*176-191*/  176 177 178 179 180 181 182 183 184 185 186 187 188 189 190 191
  /*192-207*/  192 193 194 195 196 197 198 199 200 201 202 203 204 205 206 207
  /*208-223*/  208 209 210 211 212 213 214 215 216 217 218 219 220 221 222 223
  /*224-239*/  224 225 226 227 228 229 230 231 232 233 234 235 236 237 238 239
  /*240-255*/  240 241 242 243 244 245 246 247 248 249 250 251 252 253 254 255
ENDTABLE
LOWERCASE-MAP
  /*000-015*/  000 001 002 003 004 005 006 007 008 009 010 011 012 013 014 015
  /*016-031*/  016 017 018 019 020 021 022 023 024 025 026 027 028 029 030 031
  /*032-047*/  032 033 034 035 036 037 038 039 040 041 042 043 044 045 046 047
  /*048-063*/  048 049 050 051 052 053 054 055 056 057 058 059 060 061 062 063
  /*064-079*/  064 097 098 099 100 101 102 103 104 105 106 107 108 109 110 111
  /*080-095*/  112 113 114 115 116 117 118 119 120 121 122 091 092 093 094 095
  /*096-111*/  096 097 098 099 100 101 102 103 104 105 106 107 108 109 110 111
  /*112-127*/  112 113 114 115 116 117 118 119 120 121 122 123 124 125 126 127
  /*128-143*/  135 129 130 131 132 133 134 135 136 137 138 140 140 149 132 134
  /*144-159*/  130 145 145 147 148 149 150 152 152 148 129 155 156 155 158 159
  /*160-175*/  160 161 162 163 160 161 162 163 168 169 170 171 172 173 174 175
  /*176-191*/  176 177 178 179 180 181 182 183 184 185 186 187 188 189 190 191
  /*192-207*/  192 193 194 195 196 197 198 199 200 201 202 203 204 205 206 207
  /*208-223*/  208 209 210 211 212 213 214 215 216 217 218 219 220 221 222 223
  /*224-239*/  224 225 226 227 228 229 230 231 232 233 234 235 236 237 238 239
  /*240-255*/  240 241 242 243 244 245 246 247 248 249 250 251 252 253 254 255
ENDTABLE
ENDCASE

#---------------------------------------------------------------------------
# Collation tables for code page ibm861 and collation Icelandic
COLLATION
CODEPAGE-NAME IBM861
COLLATION-NAME ICELANDIC
COLLATION-TRANSLATION-VERSION 1.0-16
CASE-INSENSITIVE-SORT
  /*000-015*/  000 001 002 003 004 005 006 007 008 009 010 011 012 013 014 015
  /*016-031*/  016 017 018 019 020 021 022 023 024 025 026 027 028 029 030 031
  /*032-047*/  032 033 034 035 036 037 038 039 040 041 042 043 044 045 046 047
  /*048-063*/  048 049 050 051 052 053 054 055 056 057 058 059 060 061 062 063
  /*064-079*/  064 065 069 071 073 077 081 083 085 087 091 093 095 097 099 101
  /*080-095*/  105 107 109 111 113 115 119 121 123 125 129 137 138 139 140 141
  /*096-111*/  142 065 069 071 073 077 081 083 085 087 091 093 095 097 099 101
  /*112-127*/  105 107 109 111 113 115 119 121 123 125 129 143 144 145 146 147
  /*128-143*/  071 115 079 065 065 065 065 071 077 077 077 075 075 131 065 065
  /*144-159*/  079 133 133 101 135 131 115 127 127 135 115 101 183 101 087 179
  /*160-175*/  067 089 103 117 067 089 103 117 211 087 192 209 208 181 191 207
  /*176-191*/  148 149 150 151 152 101 115 125 099 153 154 155 156 099 190 157
  /*192-207*/  158 159 160 161 162 163 206 194 164 165 166 167 168 169 170 065
  /*208-223*/  065 189 182 185 065 065 184 077 077 172 173 174 175 077 171 176
  /*224-239*/  087 213 186 087 101 101 201 101 101 115 115 195 200 193 177 210
  /*240-255*/  202 197 187 204 087 087 214 212 196 188 203 205 199 198 178 180
ENDTABLE
CASE-SENSITIVE-SORT
  /*000-015*/  000 001 002 003 004 005 006 007 008 009 010 011 012 013 014 015
  /*016-031*/  016 017 018 019 020 021 022 023 024 025 026 027 028 029 030 031
  /*032-047*/  032 033 034 035 036 037 038 039 040 041 042 043 044 045 046 047
  /*048-063*/  048 049 050 051 052 053 054 055 056 057 058 059 060 061 062 063
  /*064-079*/  064 065 069 071 073 077 081 083 085 087 091 093 095 097 099 101
  /*080-095*/  105 107 109 111 113 115 119 121 123 125 129 137 138 139 140 141
  /*096-111*/  142 066 070 072 074 078 082 084 086 088 092 094 096 098 100 102
  /*112-127*/  106 108 110 112 114 116 120 122 124 126 130 143 144 145 146 147
  /*128-143*/  071 116 080 066 066 066 066 072 078 078 078 075 076 131 065 065
  /*144-159*/  079 134 133 102 136 132 116 127 128 135 115 102 183 101 088 179
  /*160-175*/  068 090 104 118 067 089 103 117 211 088 192 209 208 181 191 207
  /*176-191*/  148 149 150 151 152 102 116 125 100 153 154 155 156 099 190 157
  /*192-207*/  158 159 160 161 162 163 206 194 164 165 166 167 168 169 170 065
  /*208-223*/  065 189 182 185 066 065 184 077 077 172 173 174 175 077 171 176
  /*224-239*/  087 213 186 087 101 101 201 102 101 115 115 195 200 193 177 210
  /*240-255*/  202 197 187 204 088 087 214 212 196 188 203 205 199 198 178 180
ENDTABLE
ENDCOLLATION

#---------------------------------------------------------------------------
# This is the attribute table for code page ibm 437
CODEPAGE
CODEPAGE-NAME "IBM437"
TYPE "1"
ISALPHA
  /*000-015*/  000 000 000 000 000 000 000 000 000 000 000 000 000 000 000 000
  /*016-031*/  000 000 000 000 000 000 000 000 000 000 000 000 000 000 000 000
  /*032-047*/  000 000 000 000 000 000 000 000 000 000 000 000 000 000 000 000
  /*048-063*/  000 000 000 000 000 000 000 000 000 000 000 000 000 000 000 000
  /*064-079*/  000 001 001 001 001 001 001 001 001 001 001 001 001 001 001 001
  /*080-095*/  001 001 001 001 001 001 001 001 001 001 001 000 000 000 000 000
  /*096-111*/  000 001 001 001 001 001 001 001 001 001 001 001 001 001 001 001
  /*112-127*/  001 001 001 001 001 001 001 001 001 001 001 000 000 000 000 000
  /*128-143*/  001 001 001 001 001 001 001 001 001 001 001 001 001 001 001 001
  /*144-159*/  001 001 001 001 001 001 001 001 001 001 001 000 000 000 000 000
  /*160-175*/  001 001 001 001 001 001 000 000 000 000 000 000 000 000 000 000
  /*176-191*/  000 000 000 000 000 000 000 000 000 000 000 000 000 000 000 000
  /*192-207*/  000 000 000 000 000 000 000 000 000 000 000 000 000 000 000 000
  /*208-223*/  000 000 000 000 000 000 000 000 000 000 000 000 000 000 000 000
  /*224-239*/  000 000 000 000 000 000 000 000 000 000 000 000 000 000 000 000
  /*240-255*/  000 000 000 000 000 000 000 000 000 000 000 000 000 000 000 000
ENDTABLE
ENDCODEPAGE


#---------------------------------------------------------------------------
# This is the basic case table for ibm437
CASE
CODEPAGE-NAME IBM437
CASETABLE-NAME BASIC
TYPE 1
UPPERCASE-MAP
  /*000-015*/  000 001 002 003 004 005 006 007 008 009 010 011 012 013 014 015
  /*016-031*/  016 017 018 019 020 021 022 023 024 025 026 027 028 029 030 031
  /*032-047*/  032 033 034 035 036 037 038 039 040 041 042 043 044 045 046 047
  /*048-063*/  048 049 050 051 052 053 054 055 056 057 058 059 060 061 062 063
  /*064-079*/  064 065 066 067 068 069 070 071 072 073 074 075 076 077 078 079
  /*080-095*/  080 081 082 083 084 085 086 087 088 089 090 091 092 093 094 095
  /*096-111*/  096 065 066 067 068 069 070 071 072 073 074 075 076 077 078 079
  /*112-127*/  080 081 082 083 084 085 086 087 088 089 090 123 124 125 126 127
  /*128-143*/  128 154 144 131 142 133 143 128 136 137 138 139 140 141 142 143
  /*144-159*/  144 146 146 147 153 149 150 151 152 153 154 155 156 157 158 159
  /*160-175*/  160 161 162 163 165 165 166 167 168 169 170 171 172 173 174 175
  /*176-191*/  176 177 178 179 180 181 182 183 184 185 186 187 188 189 190 191
  /*192-207*/  192 193 194 195 196 197 198 199 200 201 202 203 204 205 206 207
  /*208-223*/  208 209 210 211 212 213 214 215 216 217 218 219 220 221 222 223
  /*224-239*/  224 225 226 227 228 229 230 231 232 233 234 235 236 237 238 239
  /*240-255*/  240 241 242 243 244 245 246 247 248 249 250 251 252 253 254 255
ENDTABLE
LOWERCASE-MAP
  /*000-015*/  000 001 002 003 004 005 006 007 008 009 010 011 012 013 014 015
  /*016-031*/  016 017 018 019 020 021 022 023 024 025 026 027 028 029 030 031
  /*032-047*/  032 033 034 035 036 037 038 039 040 041 042 043 044 045 046 047
  /*048-063*/  048 049 050 051 052 053 054 055 056 057 058 059 060 061 062 063
  /*064-079*/  064 097 098 099 100 101 102 103 104 105 106 107 108 109 110 111
  /*080-095*/  112 113 114 115 116 117 118 119 120 121 122 091 092 093 094 095
  /*096-111*/  096 097 098 099 100 101 102 103 104 105 106 107 108 109 110 111
  /*112-127*/  112 113 114 115 116 117 118 119 120 121 122 123 124 125 126 127
  /*128-143*/  135 129 130 131 132 133 134 135 136 137 138 139 140 141 132 134
  /*144-159*/  130 145 145 147 148 149 150 151 152 148 129 155 156 157 158 159
  /*160-175*/  160 161 162 163 164 164 166 167 168 169 170 171 172 173 174 175
  /*176-191*/  176 177 178 179 180 181 182 183 184 185 186 187 188 189 190 191
  /*192-207*/  192 193 194 195 196 197 198 199 200 201 202 203 204 205 206 207
  /*208-223*/  208 209 210 211 212 213 214 215 216 217 218 219 220 221 222 223
  /*224-239*/  224 225 226 227 228 229 230 231 232 233 234 235 236 237 238 239
  /*240-255*/  240 241 242 243 244 245 246 247 248 249 250 251 252 253 254 255
ENDTABLE
ENDCASE


#---------------------------------------------------------------------------
# Collation tables for code page ibm437 and collation basic
COLLATION
CODEPAGE-NAME IBM437
COLLATION-NAME BASIC
COLLATION-TRANSLATION-VERSION 1.0-16
CASE-INSENSITIVE-SORT
  /*000-015*/  000 001 002 003 004 005 006 007 008 009 010 011 012 013 014 015
  /*016-031*/  016 017 018 019 020 021 022 023 024 025 026 027 028 029 030 031
  /*032-047*/  032 033 034 035 036 037 038 039 040 041 042 043 044 045 046 047
  /*048-063*/  048 049 050 051 052 053 054 055 056 057 058 059 060 061 062 063
  /*064-079*/  064 065 067 069 071 073 075 077 079 081 083 085 087 089 091 093
  /*080-095*/  095 097 099 101 103 105 107 109 111 113 115 117 118 119 120 121
  /*096-111*/  122 065 067 069 071 073 075 077 079 081 083 085 087 089 091 093
  /*112-127*/  095 097 099 101 103 105 107 109 111 113 115 123 124 125 126 127
  /*128-143*/  069 105 073 065 065 065 065 069 073 073 073 081 081 081 065 065
  /*144-159*/  073 065 065 093 093 093 105 105 113 093 105 128 129 130 131 132
  /*160-175*/  065 081 093 105 091 091 133 134 135 136 137 138 139 140 141 142
  /*176-191*/  143 144 145 146 147 148 149 150 151 152 153 154 155 156 157 158
  /*192-207*/  159 160 161 162 163 164 165 166 167 168 169 170 171 172 173 174
  /*208-223*/  175 176 177 178 179 180 181 182 183 184 185 186 187 188 189 190
  /*224-239*/  191 192 193 194 195 196 197 198 199 200 201 202 203 204 205 206
  /*240-255*/  207 208 209 210 211 212 213 214 215 216 217 218 219 220 221 222
ENDTABLE
CASE-SENSITIVE-SORT
  /*000-015*/  000 001 002 003 004 005 006 007 008 009 010 011 012 013 014 015
  /*016-031*/  016 017 018 019 020 021 022 023 024 025 026 027 028 029 030 031
  /*032-047*/  032 033 034 035 036 037 038 039 040 041 042 043 044 045 046 047
  /*048-063*/  048 049 050 051 052 053 054 055 056 057 058 059 060 061 062 063
  /*064-079*/  064 065 067 069 071 073 075 077 079 081 083 085 087 089 091 093
  /*080-095*/  095 097 099 101 103 105 107 109 111 113 115 117 118 119 120 121
  /*096-111*/  122 066 068 070 072 074 076 078 080 082 084 086 088 090 092 094
  /*112-127*/  096 098 100 102 104 106 108 110 112 114 116 123 124 125 126 127
  /*128-143*/  069 106 074 065 066 065 066 070 073 073 073 081 081 081 065 065
  /*144-159*/  073 066 065 093 094 093 105 105 113 093 105 128 129 130 131 132
  /*160-175*/  065 081 093 105 092 091 133 134 135 136 137 138 139 140 141 142
  /*176-191*/  143 144 145 146 147 148 149 150 151 152 153 154 155 156 157 158
  /*192-207*/  159 160 161 162 163 164 165 166 167 168 169 170 171 172 173 174
  /*208-223*/  175 176 177 178 179 180 181 182 183 184 185 186 187 188 189 190
  /*224-239*/  191 192 193 194 195 196 197 198 199 200 201 202 203 204 205 206
  /*240-255*/  207 208 209 210 211 212 213 214 215 216 217 218 219 220 221 222
ENDTABLE
ENDCOLLATION


