
#---------------------------------------------------------------------------
CODEPAGE
CODEPAGE-NAME "IBM037"
TYPE "1"
ISALPHA
  /*000-015*/  000 000 000 000 000 000 000 000 000 000 000 000 000 000 000 000
  /*016-031*/  000 000 000 000 000 000 000 000 000 000 000 000 000 000 000 000
  /*032-047*/  000 000 000 000 000 000 000 000 000 000 000 000 000 000 000 000
  /*048-063*/  000 000 000 000 000 000 000 000 000 000 000 000 000 000 000 000
  /*064-079*/  000 000 001 001 001 001 001 001 001 001 000 000 000 000 000 000
  /*080-095*/  000 001 001 001 001 001 001 001 001 001 000 000 000 000 000 000
  /*096-111*/  000 000 001 001 001 001 001 001 001 001 000 000 000 000 000 000
  /*112-127*/  001 001 001 001 001 001 001 001 001 000 000 000 000 000 000 000
  /*128-143*/  001 001 001 001 001 001 001 001 001 001 000 000 001 001 001 000
  /*144-159*/  000 001 001 001 001 001 001 001 001 001 000 000 001 000 001 000
  /*160-175*/  000 000 001 001 001 001 001 001 001 001 000 000 001 001 001 000
  /*176-191*/  000 000 000 000 000 000 000 000 000 000 000 000 000 000 000 000
  /*192-207*/  000 001 001 001 001 001 001 001 001 001 000 001 001 001 001 001
  /*208-223*/  000 001 001 001 001 001 001 001 001 001 000 001 001 001 001 001
  /*224-239*/  000 000 001 001 001 001 001 001 001 001 000 001 001 001 001 001
  /*240-255*/  000 000 000 000 000 000 000 000 000 000 000 001 001 001 001 000
ENDTABLE
ENDCODEPAGE

#---------------------------------------------------------------------------
CASE NON-ASCII
CODEPAGE-NAME IBM037
CASETABLE-NAME BASIC
TYPE 1
UPPERCASE-MAP
  /*000-015*/    000 001 002 003 004 005 006 007 008 009 010 011 012 013 014 015
  /*016-031*/    016 017 018 019 020 021 022 023 024 025 026 027 028 029 030 031
  /*032-047*/    032 033 034 035 036 037 038 039 040 041 042 043 044 045 046 047
  /*048-063*/    048 049 050 051 052 053 054 055 056 057 058 059 060 061 062 063
  /*064-079*/    064 065 098 099 100 101 102 103 104 105 074 075 076 077 078 079
  /*080-095*/    080 113 114 115 116 117 118 119 120 089 090 091 092 093 094 095
  /*096-111*/    096 097 098 099 100 101 102 103 104 105 106 107 108 109 110 111
  /*112-127*/    128 113 114 115 116 117 118 119 120 121 122 123 124 125 126 127
  /*128-143*/    128 193 194 195 196 197 198 199 200 201 138 139 172 173 174 143
  /*144-159*/    144 209 210 211 212 213 214 215 216 217 154 155 158 157 158 159
  /*160-175*/    160 161 226 227 228 229 230 231 232 233 170 171 172 173 174 175
  /*176-191*/    176 177 178 179 180 181 182 183 184 185 186 187 188 189 190 191
  /*192-207*/    192 193 194 195 196 197 198 199 200 201 202 235 236 237 238 239
  /*208-223*/    208 209 210 211 212 213 214 215 216 217 218 251 252 253 254 232
  /*224-239*/    224 225 226 227 228 229 230 231 232 233 234 235 236 237 238 239
  /*240-255*/    240 241 242 243 244 245 246 247 248 249 250 251 252 253 254 255
ENDTABLE
LOWERCASE-MAP
  /*000-015*/    000 001 002 003 004 005 006 007 008 009 010 011 012 013 014 015
  /*016-031*/    016 017 018 019 020 021 022 023 024 025 026 027 028 029 030 031
  /*032-047*/    032 033 034 035 036 037 038 039 040 041 042 043 044 045 046 047
  /*048-063*/    048 049 050 051 052 053 054 055 056 057 058 059 060 061 062 063
  /*064-079*/    064 065 066 067 068 069 070 071 072 073 074 075 076 077 078 079
  /*080-095*/    080 081 082 083 084 085 086 087 088 089 090 091 092 093 094 095
  /*096-111*/    096 097 066 067 068 069 070 071 072 073 106 107 108 109 110 111
  /*112-127*/    112 081 082 083 084 085 086 087 088 121 122 123 124 125 126 127
  /*128-143*/    112 129 130 131 132 133 134 135 136 137 138 139 140 141 142 143
  /*144-159*/    144 145 146 147 148 149 150 151 152 153 154 155 156 157 156 159
  /*160-175*/    160 161 162 163 164 165 166 167 168 169 170 171 140 141 142 175
  /*176-191*/    176 177 178 179 180 181 182 183 184 185 186 187 188 189 190 191
  /*192-207*/    192 129 130 131 132 133 134 135 136 137 202 203 204 205 206 207
  /*208-223*/    208 145 146 147 148 149 150 151 152 153 218 219 220 221 222 223
  /*224-239*/    224 225 162 163 164 165 166 167 168 169 234 203 204 205 206 207
  /*240-255*/    240 241 242 243 244 245 246 247 248 249 250 219 220 221 222 255
ENDTABLE
ENDCASE

#---------------------------------------------------------------------------
CODEPAGE
CODEPAGE-NAME "IBM278"
TYPE "1"
ISALPHA
  /*000-015*/  000 000 000 000 000 000 000 000 000 000 000 000 000 000 000 000
  /*016-031*/  000 000 000 000 000 000 000 000 000 000 000 000 000 000 000 000
  /*032-047*/  000 000 000 000 000 000 000 000 000 000 000 000 000 000 000 000
  /*048-063*/  000 000 000 000 000 000 000 000 000 000 000 000 000 000 000 000
  /*064-079*/  000 000 001 000 001 001 001 000 001 001 000 000 000 000 000 000
  /*080-095*/  000 000 001 001 001 001 001 001 001 001 000 001 000 000 000 000
  /*096-111*/  000 000 001 000 001 001 001 000 001 001 001 000 000 000 000 000
  /*112-127*/  001 000 001 001 001 001 001 001 001 001 000 001 001 000 000 000
  /*128-143*/  001 001 001 001 001 001 001 001 001 001 000 000 001 001 001 000
  /*144-159*/  000 001 001 001 001 001 001 001 001 001 000 000 001 000 001 000
  /*160-175*/  000 001 001 001 001 001 001 001 001 001 000 000 001 001 001 000
  /*176-191*/  000 000 000 000 000 000 000 000 000 000 000 000 000 000 000 000
  /*192-207*/  001 001 001 001 001 001 001 001 001 001 000 001 000 001 001 001
  /*208-223*/  001 001 001 001 001 001 001 001 001 001 000 001 000 001 001 001
  /*224-239*/  001 000 001 001 001 001 001 001 001 001 000 001 000 001 001 001
  /*240-255*/  000 000 000 000 000 000 000 000 000 000 000 001 001 001 001 000
ENDTABLE
ENDCODEPAGE

#---------------------------------------------------------------------------
CODEPAGE
CODEPAGE-NAME "IBM500"
TYPE "1"
ISALPHA
  /*000-015*/  000 000 000 000 000 000 000 000 000 000 000 000 000 000 000 000
  /*016-031*/  000 000 000 000 000 000 000 000 000 000 000 000 000 000 000 000
  /*032-047*/  000 000 000 000 000 000 000 000 000 000 000 000 000 000 000 000
  /*048-063*/  000 000 000 000 000 000 000 000 000 000 000 000 000 000 000 000
  /*064-079*/  000 000 001 001 001 001 001 001 001 001 000 000 000 000 000 000
  /*080-095*/  000 001 001 001 001 001 001 001 001 001 000 000 000 000 000 000
  /*096-111*/  000 000 001 001 001 001 001 001 001 001 000 000 000 000 000 000
  /*112-127*/  001 001 001 001 001 001 001 001 001 000 000 000 000 000 000 000
  /*128-143*/  001 001 001 001 001 001 001 001 001 001 000 000 001 001 001 000
  /*144-159*/  000 001 001 001 001 001 001 001 001 001 000 000 001 000 001 000
  /*160-175*/  000 000 001 001 001 001 001 001 001 001 000 000 001 001 001 000
  /*176-191*/  000 000 000 000 000 000 000 000 000 000 000 000 000 000 000 000
  /*192-207*/  000 001 001 001 001 001 001 001 001 001 000 001 001 001 001 001
  /*208-223*/  000 001 001 001 001 001 001 001 001 001 000 001 001 001 001 001
  /*224-239*/  000 000 001 001 001 001 001 001 001 001 000 001 001 001 001 001
  /*240-255*/  000 000 000 000 000 000 000 000 000 000 000 001 001 001 001 000
ENDTABLE
ENDCODEPAGE



#---------------------------------------------------------------------------
# EBCDIC codepage for France
#
CODEPAGE
CODEPAGE-NAME "IBM297"
TYPE "1"
ISALPHA
  /*000-015*/  000 000 000 000 000 000 000 000 000 000 000 000 000 000 000 000
  /*016-031*/  000 000 000 000 000 000 000 000 000 000 000 000 000 000 000 000
  /*032-047*/  000 000 000 000 000 000 000 000 000 000 000 000 000 000 000 000
  /*048-063*/  000 000 000 000 000 000 000 000 000 000 000 000 000 000 000 000
  /*064-079*/  000 000 001 001 000 001 001 001 000 001 000 000 000 000 000 000
  /*080-095*/  000 000 001 001 000 001 001 001 001 001 000 000 000 000 000 000
  /*096-111*/  000 000 001 001 001 001 001 001 001 001 001 000 000 000 000 000
  /*112-127*/  001 001 001 001 001 001 001 001 001 000 000 000 001 000 000 000
  /*128-143*/  001 001 001 001 001 001 001 001 001 001 000 000 001 001 001 000
  /*144-159*/  000 001 001 001 001 001 001 001 001 001 000 000 001 000 001 000
  /*160-175*/  000 000 001 001 001 001 001 001 001 001 000 000 001 001 001 000
  /*176-191*/  000 000 000 000 000 000 000 000 000 000 000 000 000 000 000 000
  /*192-207*/  001 001 001 001 001 001 001 001 001 001 000 001 001 001 001 001
  /*208-223*/  001 001 001 001 001 001 001 001 001 001 000 001 001 000 001 001
  /*224-239*/  001 000 001 001 001 001 001 001 001 001 000 001 001 001 001 001
  /*240-255*/  000 000 000 000 000 000 000 000 000 000 000 001 001 001 001 000
ENDTABLE
ENDCODEPAGE

#---------------------------------------------------------------------------
# EBCDIC codepage for Germany/Austria
#
CODEPAGE
CODEPAGE-NAME "IBM273"
TYPE "1"
ISALPHA
  /*000-015*/  000 000 000 000 000 000 000 000 000 000 000 000 000 000 000 000
  /*016-031*/  000 000 000 000 000 000 000 000 000 000 000 000 000 000 000 000
  /*032-047*/  000 000 000 000 000 000 000 000 000 000 000 000 000 000 000 000
  /*048-063*/  000 000 000 000 000 000 000 000 000 000 000 000 000 000 000 000
  /*064-079*/  000 000 001 000 001 001 001 001 001 001 001 000 000 000 000 000
  /*080-095*/  000 001 001 001 001 001 001 001 001 000 001 000 000 000 000 000
  /*096-111*/  000 000 001 000 001 001 001 001 001 001 001 000 000 000 000 000
  /*112-127*/  001 001 001 001 001 001 001 001 001 000 000 000 000 000 000 000
  /*128-143*/  001 001 001 001 001 001 001 001 001 001 000 000 001 001 001 000
  /*144-159*/  000 001 001 001 001 001 001 001 001 001 000 000 001 000 001 000
  /*160-175*/  000 001 001 001 001 001 001 001 001 001 000 000 001 001 001 000
  /*176-191*/  000 000 000 000 000 000 000 000 000 000 000 000 000 000 000 000
  /*192-207*/  001 001 001 001 001 001 001 001 001 001 000 001 000 001 001 001
  /*208-223*/  001 001 001 001 001 001 001 001 001 001 000 001 000 001 001 001
  /*224-239*/  001 000 001 001 001 001 001 001 001 001 000 001 000 001 001 001
  /*240-255*/  000 000 000 000 000 000 000 000 000 000 000 001 000 001 001 000
ENDTABLE
ENDCODEPAGE

#---------------------------------------------------------------------------
# EBCDIC codepage for Denmark/Norway
#
CODEPAGE
CODEPAGE-NAME "IBM277"
TYPE "1"
ISALPHA
  /*000-015*/  000 000 000 000 000 000 000 000 000 000 000 000 000 000 000 000
  /*016-031*/  000 000 000 000 000 000 000 000 000 000 000 000 000 000 000 000
  /*032-047*/  000 000 000 000 000 000 000 000 000 000 000 000 000 000 000 000
  /*048-063*/  000 000 000 000 000 000 000 000 000 000 000 000 000 000 000 000
  /*064-079*/  000 000 001 001 001 001 001 000 001 001 000 000 000 000 000 000
  /*080-095*/  000 001 001 001 001 001 001 001 001 001 000 001 000 000 000 000
  /*096-111*/  000 000 001 001 001 001 001 000 001 001 001 000 000 000 000 000
  /*112-127*/  000 001 001 001 001 001 001 001 001 000 000 001 001 000 000 000
  /*128-143*/  000 001 001 001 001 001 001 001 001 001 000 000 001 001 001 000
  /*144-159*/  000 001 001 001 001 001 001 001 001 001 000 000 000 000 000 000
  /*160-175*/  000 001 001 001 001 001 001 001 001 001 000 000 001 001 001 000
  /*176-191*/  000 000 000 000 000 000 000 000 000 000 000 000 000 000 000 000
  /*192-207*/  001 001 001 001 001 001 001 001 001 001 000 001 001 001 001 001
  /*208-223*/  001 001 001 001 001 001 001 001 001 001 000 001 000 001 001 001
  /*224-239*/  000 000 001 001 001 001 001 001 001 001 000 001 001 001 001 001
  /*240-255*/  000 000 000 000 000 000 000 000 000 000 000 001 001 001 001 000
ENDTABLE
ENDCODEPAGE

#---------------------------------------------------------------------------
# This table contains the attributes for code page 284 defined by IBM
# It is an EBCDIC based codepage

CODEPAGE
CODEPAGE-NAME IBM284
TYPE 1
ISALPHA
  /*000-015*/  000 000 000 000 000 000 000 000 000 000 000 000 000 000 000 000
  /*016-031*/  000 000 000 000 000 000 000 000 000 000 000 000 000 000 000 000
  /*032-047*/  000 000 000 000 000 000 000 000 000 000 000 000 000 000 000 000
  /*048-063*/  000 000 000 000 000 000 000 000 000 000 000 000 000 000 000 000
  /*064-079*/  000 000 001 001 001 001 001 001 001 000 000 000 000 000 000 000
  /*080-095*/  000 001 001 001 001 001 001 001 001 001 000 000 000 000 000 000
  /*096-111*/  000 000 001 001 001 001 001 001 001 000 001 000 000 000 000 000
  /*112-127*/  001 001 001 001 001 001 001 001 001 000 000 001 000 000 000 000
  /*128-143*/  001 001 001 001 001 001 001 001 001 001 000 000 001 001 001 000
  /*144-159*/  000 001 001 001 001 001 001 001 001 001 000 000 001 000 001 000
  /*160-175*/  000 000 001 001 001 001 001 001 001 001 000 000 001 001 001 000
  /*176-191*/  000 000 000 000 000 000 000 000 000 000 000 000 000 000 000 000
  /*192-207*/  000 001 001 001 001 001 001 001 001 001 000 001 001 001 001 001
  /*208-223*/  000 001 001 001 001 001 001 001 001 001 000 001 001 001 001 001
  /*224-239*/  000 000 001 001 001 001 001 001 001 001 000 001 001 001 001 001
  /*240-255*/  000 000 000 000 000 000 000 000 000 000 000 001 001 001 001 000
ENDTABLE
ENDCODEPAGE


#---------------------------------------------------------------------------
# EBCDIC codepage for Italy
#
CODEPAGE
CODEPAGE-NAME "IBM280"
TYPE "1"
ISALPHA
  /*000-015*/  000 000 000 000 000 000 000 000 000 000 000 000 000 000 000 000
  /*016-031*/  000 000 000 000 000 000 000 000 000 000 000 000 000 000 000 000
  /*032-047*/  000 000 000 000 000 000 000 000 000 000 000 000 000 000 000 000
  /*048-063*/  000 000 000 000 000 000 000 000 000 000 000 000 000 000 000 000
  /*064-079*/  000 000 001 001 000 001 001 001 000 001 000 000 000 000 000 000
  /*080-095*/  000 000 001 001 000 001 001 001 000 001 001 000 000 000 000 000
  /*096-111*/  000 000 001 001 001 001 001 001 001 001 001 000 000 000 000 000
  /*112-127*/  001 001 001 001 001 001 001 001 001 001 000 000 000 000 000 000
  /*128-143*/  001 001 001 001 001 001 001 001 001 001 000 000 001 001 001 000
  /*144-159*/  000 001 001 001 001 001 001 001 001 001 000 000 001 000 001 000
  /*160-175*/  000 001 001 001 001 001 001 001 001 001 000 000 001 001 001 000
  /*176-191*/  000 000 000 000 000 000 000 000 000 000 000 000 000 000 000 000
  /*192-207*/  001 001 001 001 001 001 001 001 001 001 000 001 001 000 001 001
  /*208-223*/  001 001 001 001 001 001 001 001 001 001 000 001 001 000 001 001
  /*224-239*/  001 000 001 001 001 001 001 001 001 001 000 001 001 001 001 001
  /*240-255*/  000 000 000 000 000 000 000 000 000 000 000 001 001 001 001 000
ENDTABLE
ENDCODEPAGE


#---------------------------------------------------------------------------
# EBCDIC CONVERSIONS ARE PLACED HERE:
#---------------------------------------------------------------------------


#---------------------------------------------------------------------------
# Convert from IBM297 (EBCDIC France)
#           to ISO8859-1 (default Progress internal)
CONVERT
SOURCE-NAME "IBM297"
TARGET-NAME "ISO8859-1"
TYPE "1"
  /*000-015*/  000 001 002 003 004 005 006 007 008 009 010 011 012 013 014 015
  /*016-031*/  016 017 018 019 020 021 022 023 024 025 026 027 028 029 030 031
  /*032-047*/  127 128 129 130 131 132 133 134 135 136 137 138 139 140 141 142
  /*048-063*/  143 144 145 146 147 148 149 150 151 152 153 154 155 156 157 158
  /*064-079*/  032 160 226 228 064 225 227 229 092 241 176 046 060 040 043 033
  /*080-095*/  038 123 234 235 125 237 238 239 236 223 167 036 042 041 059 094
  /*096-111*/  045 047 194 196 192 193 195 197 199 209 249 044 037 095 062 063
  /*112-127*/  248 201 202 203 200 205 206 207 204 181 058 163 224 039 061 034
  /*128-143*/  216 097 098 099 100 101 102 103 104 105 171 187 240 253 254 177
  /*144-159*/  091 106 107 108 109 110 111 112 113 114 170 186 230 184 198 164
  /*160-175*/  096 168 115 116 117 118 119 120 121 122 161 191 208 221 222 174
  /*176-191*/  162 035 165 183 169 093 182 188 189 190 172 124 175 126 180 215
  /*192-207*/  233 065 066 067 068 069 070 071 072 073 173 244 246 242 243 245
  /*208-223*/  232 074 075 076 077 078 079 080 081 082 185 251 252 166 250 255
  /*224-239*/  231 247 083 084 085 086 087 088 089 090 178 212 214 210 211 213
  /*240-255*/  048 049 050 051 052 053 054 055 056 057 179 219 220 217 218 159
ENDTABLE
ENDCONVERT

#---------------------------------------------------------------------------
# Convert from ISO8859-1 (default Progress internal) 
#           to IBM273 (EBCDIC Germany/Austria)
CONVERT
SOURCE-NAME "ISO8859-1"
TARGET-NAME "IBM273"
TYPE 1
  /*000-015*/  000 001 002 003 004 005 006 007 008 009 010 011 012 013 014 015
  /*016-031*/  016 017 018 019 020 021 022 023 024 025 026 027 028 029 030 031
  /*032-047*/  064 079 127 123 091 108 080 125 077 093 092 078 107 096 075 097
  /*048-063*/  240 241 242 243 244 245 246 247 248 249 122 094 076 126 110 111
  /*064-079*/  181 193 194 195 196 197 198 199 200 201 209 210 211 212 213 214
  /*080-095*/  215 216 217 226 227 228 229 230 231 232 233 099 236 252 095 109
  /*096-111*/  121 129 130 131 132 133 134 135 136 137 145 146 147 148 149 150
  /*112-127*/  151 152 153 162 163 164 165 166 167 168 169 067 187 220 089 255
  /*128-143*/  032 033 034 035 036 037 038 039 040 041 042 043 044 045 046 047
  /*144-159*/  048 049 050 051 052 053 054 055 056 057 058 059 060 061 062 063
  /*160-175*/  065 170 176 177 159 178 204 124 189 180 154 138 186 202 175 188
  /*176-191*/  144 143 234 250 190 160 182 179 157 218 155 139 183 184 185 171
  /*192-207*/  100 101 098 102 074 103 158 104 116 113 114 115 120 117 118 119
  /*208-223*/  172 105 237 238 235 239 224 191 128 253 254 251 090 173 174 161
  /*224-239*/  068 069 066 070 192 071 156 072 084 081 082 083 088 085 086 087
  /*240-255*/  140 073 205 206 203 207 106 225 112 221 222 219 208 141 142 223
ENDTABLE
ENDCONVERT

#---------------------------------------------------------------------------
# Convert from ISO8859-1 (default Progress internal) 
#           to IBM277 (EBCDIC Denmark/Norway)
CONVERT
SOURCE-NAME "ISO8859-1"
TARGET-NAME "IBM277"
TYPE 1
  /*000-015*/  000 001 002 003 004 005 006 007 008 009 010 011 012 013 014 015
  /*016-031*/  016 017 018 019 020 021 022 023 024 025 026 027 028 029 030 031
  /*032-047*/  064 079 127 074 103 108 080 125 077 093 092 078 107 096 075 097
  /*048-063*/  240 241 242 243 244 245 246 247 248 249 122 094 076 126 110 111
  /*064-079*/  128 193 194 195 196 197 198 199 200 201 209 210 211 212 213 214
  /*080-095*/  215 216 217 226 227 228 229 230 231 232 233 158 224 159 095 109
  /*096-111*/  121 129 130 131 132 133 134 135 136 137 145 146 147 148 149 150
  /*112-127*/  151 152 153 162 163 164 165 166 167 168 169 156 187 071 220 032
  /*128-143*/  033 034 035 036 037 038 039 040 041 042 043 044 045 046 047 048
  /*144-159*/  049 050 051 052 053 054 055 056 057 058 059 060 061 062 063 255
  /*160-175*/  065 170 176 177 090 178 112 181 189 180 154 138 186 202 175 188
  /*176-191*/  144 143 234 250 190 160 182 179 157 218 155 139 183 184 185 171
  /*192-207*/  100 101 098 102 099 091 123 104 116 113 114 115 120 117 118 119
  /*208-223*/  172 105 237 238 235 239 236 191 124 253 254 251 252 173 174 089
  /*224-239*/  068 069 066 070 067 208 192 072 084 081 082 083 088 085 086 087
  /*240-255*/  140 073 205 206 203 207 204 225 106 221 222 219 161 141 142 223
ENDTABLE
ENDCONVERT

#---------------------------------------------------------------------------
# This contains the data needed to convert from
# ISO8859-1 TO ibm284

CONVERT
SOURCE-NAME ISO8859-1
TARGET-NAME IBM284
TYPE 1
  /*000-015*/  000 001 002 003 004 005 006 007 008 009 010 011 012 013 014 015
  /*016-031*/  016 017 018 019 020 021 022 023 024 025 026 027 028 029 030 031
  /*032-047*/  064 187 127 105 091 108 080 125 077 093 092 078 107 096 075 097
  /*048-063*/  240 241 242 243 244 245 246 247 248 249 122 094 076 126 110 111
  /*064-079*/  124 193 194 195 196 197 198 199 200 201 209 210 211 212 213 214
  /*080-095*/  215 216 217 226 227 228 229 230 231 232 233 074 224 090 186 109
  /*096-111*/  121 129 130 131 132 133 134 135 136 137 145 146 147 148 149 150
  /*112-127*/  151 152 153 162 163 164 165 166 167 168 169 192 079 208 189 032
  /*128-143*/  033 034 035 036 037 038 039 040 041 042 043 044 045 046 047 048
  /*144-159*/  049 050 051 052 053 054 055 056 057 058 059 060 061 062 063 255
  /*160-175*/  065 170 176 177 159 178 073 181 161 180 154 138 095 202 175 188
  /*176-191*/  144 143 234 250 190 160 182 179 157 218 155 139 183 184 185 171
  /*192-207*/  100 101 098 102 099 103 158 104 116 113 114 115 120 117 118 119
  /*208-223*/  172 123 237 238 235 239 236 191 128 253 254 251 252 173 174 089
  /*224-239*/  068 069 066 070 067 071 156 072 084 081 082 083 088 085 086 087
  /*240-255*/  140 106 205 206 203 207 204 225 112 221 222 219 220 141 142 223
ENDTABLE
ENDCONVERT


#---------------------------------------------------------------------------
# This contains the data needed to convert from
# iso8859-1 to ibm037
CONVERT
SOURCE-NAME "ISO8859-1"
TARGET-NAME "IBM037"
TYPE "1"
  /*000-015*/  000 001 002 003 004 005 006 007 008 009 010 011 012 013 014 015
  /*016-031*/  016 017 018 019 020 021 022 023 024 025 026 027 028 029 030 031
  /*032-047*/  064 090 127 123 091 108 080 125 077 093 092 078 107 096 075 097
  /*048-063*/  240 241 242 243 244 245 246 247 248 249 122 094 076 126 110 111
  /*064-079*/  124 193 194 195 196 197 198 199 200 201 209 210 211 212 213 214
  /*080-095*/  215 216 217 226 227 228 229 230 231 232 233 186 224 187 176 109
  /*096-111*/  121 129 130 131 132 133 134 135 136 137 145 146 147 148 149 150
  /*112-127*/  151 152 153 162 163 164 165 166 167 168 169 192 079 208 161 032
  /*128-143*/  033 034 035 036 037 038 039 040 041 042 043 044 045 046 047 048
  /*144-159*/  049 050 051 052 053 054 055 056 057 058 059 060 061 062 063 255
  /*160-175*/  065 170 074 177 159 178 106 181 189 180 154 138 095 202 175 188
  /*176-191*/  144 143 234 250 190 160 182 179 157 218 155 139 183 184 185 171
  /*192-207*/  100 101 098 102 099 103 158 104 116 113 114 115 120 117 118 119
  /*208-223*/  172 105 237 238 235 239 236 191 128 253 254 251 252 173 174 089
  /*224-239*/  068 069 066 070 067 071 156 072 084 081 082 083 088 085 086 087
  /*240-255*/  140 073 205 206 203 207 204 225 112 221 222 219 220 141 142 223
ENDTABLE
ENDCONVERT


#---------------------------------------------------------------------------
# This contains the data needed to convert from
# iso8859-1 to ibm278
CONVERT
SOURCE-NAME "ISO8859-1"
TARGET-NAME "IBM278"
TYPE "1"
  /*000-015*/  000 001 002 003 004 005 006 007 008 009 010 011 012 013 014 015
  /*016-031*/  016 017 018 019 020 021 022 023 024 025 026 027 028 029 030 031
  /*032-047*/  064 079 127 099 103 108 080 125 077 093 092 078 107 096 075 097
  /*048-063*/  240 241 242 243 244 245 246 247 248 249 122 094 076 126 110 111
  /*064-079*/  236 193 194 195 196 197 198 199 200 201 209 210 211 212 213 214
  /*080-095*/  215 216 217 226 227 228 229 230 231 232 233 181 113 159 095 109
  /*096-111*/  081 129 130 131 132 133 134 135 136 137 145 146 147 148 149 150
  /*112-127*/  151 152 153 162 163 164 165 166 167 168 169 067 187 071 220 032
  /*128-143*/  033 034 035 036 037 038 039 040 041 042 043 044 045 046 047 048
  /*144-159*/  049 050 051 052 053 054 055 056 057 058 059 060 061 062 063 255
  /*160-175*/  065 170 176 177 090 178 204 074 189 180 154 138 186 202 175 188
  /*176-191*/  144 143 234 250 190 160 182 179 157 218 155 139 183 184 185 171
  /*192-207*/  100 101 098 102 123 091 158 104 116 224 114 115 120 117 118 119
  /*208-223*/  172 105 237 238 235 239 124 191 128 253 254 251 252 173 174 089
  /*224-239*/  068 069 066 070 192 208 156 072 084 121 082 083 088 085 086 087
  /*240-255*/  140 073 205 206 203 207 106 225 112 221 222 219 161 141 142 223
ENDTABLE
ENDCONVERT


#---------------------------------------------------------------------------
# This contains the data needed to convert from
# iso8859-1 to ibm500
CONVERT
SOURCE-NAME "ISO8859-1"
TARGET-NAME "IBM500"
TYPE "1"
  /*000-015*/  000 001 002 003 004 005 006 007 008 009 010 011 012 013 014 015
  /*016-031*/  016 017 018 019 020 021 022 023 024 025 026 027 028 029 030 031
  /*032-047*/  064 079 127 123 091 108 080 125 077 093 092 078 107 096 075 097
  /*048-063*/  240 241 242 243 244 245 246 247 248 249 122 094 076 126 110 111
  /*064-079*/  124 193 194 195 196 197 198 199 200 201 209 210 211 212 213 214
  /*080-095*/  215 216 217 226 227 228 229 230 231 232 233 074 224 090 095 109
  /*096-111*/  121 129 130 131 132 133 134 135 136 137 145 146 147 148 149 150
  /*112-127*/  151 152 153 162 163 164 165 166 167 168 169 192 187 208 161 032
  /*128-143*/  033 034 035 036 037 038 039 040 041 042 043 044 045 046 047 048
  /*144-159*/  049 050 051 052 053 054 055 056 057 058 059 060 061 062 063 255
  /*160-175*/  065 170 176 177 159 178 106 181 189 180 154 138 186 202 175 188
  /*176-191*/  144 143 234 250 190 160 182 179 157 218 155 139 183 184 185 171
  /*192-207*/  100 101 098 102 099 103 158 104 116 113 114 115 120 117 118 119
  /*208-223*/  172 105 237 238 235 239 236 191 128 253 254 251 252 173 174 089
  /*224-239*/  068 069 066 070 067 071 156 072 084 081 082 083 088 085 086 087
  /*240-255*/  140 073 205 206 203 207 204 225 112 221 222 219 220 141 142 223
ENDTABLE
ENDCONVERT


#---------------------------------------------------------------------------
# Convert from IBM280 (EBCDIC Italy)
#           to ISO8859-1 (default Progress internal)
CONVERT
SOURCE-NAME "IBM280"
TARGET-NAME "ISO8859-1"
TYPE "1"
  /*000-015*/  000 001 002 003 004 005 006 007 008 009 010 011 012 013 014 015
  /*016-031*/  016 017 018 019 020 021 022 023 024 025 026 027 028 029 030 031
  /*032-047*/  127 128 129 130 131 132 133 134 135 136 137 138 139 140 141 142
  /*048-063*/  143 144 145 146 147 148 149 150 151 152 153 154 155 156 157 158
  /*064-079*/  032 160 226 228 123 225 227 229 092 241 176 046 060 040 043 033
  /*080-095*/  038 093 234 235 125 237 238 239 126 223 233 036 042 041 059 094
  /*096-111*/  045 047 194 196 192 193 195 197 199 209 242 044 037 095 062 063
  /*112-127*/  248 201 202 203 200 205 206 207 204 249 058 163 167 039 061 034
  /*128-143*/  216 097 098 099 100 101 102 103 104 105 171 187 240 253 254 177
  /*144-159*/  091 106 107 108 109 110 111 112 113 114 170 186 230 184 198 164
  /*160-175*/  181 236 115 116 117 118 119 120 121 122 161 191 208 221 222 174
  /*176-191*/  162 035 165 183 169 064 182 188 189 190 172 124 175 168 180 215
  /*192-207*/  224 065 066 067 068 069 070 071 072 073 173 244 246 166 243 245
  /*208-223*/  232 074 075 076 077 078 079 080 081 082 185 251 252 096 250 255
  /*224-239*/  231 247 083 084 085 086 087 088 089 090 178 212 214 210 211 213
  /*240-255*/  048 049 050 051 052 053 054 055 056 057 179 219 220 217 218 159
ENDTABLE
ENDCONVERT

#---------------------------------------------------------------------------
# This contains the data needed to convert from
# ibm850 to ibm037
CONVERT
SOURCE-NAME "IBM850"
TARGET-NAME "IBM037"
TYPE "1"
  /*000-015*/  000 001 002 003 055 045 046 047 022 005 037 011 012 013 014 015
  /*016-031*/  016 017 018 019 060 061 050 038 024 025 028 039 063 029 030 031
  /*032-047*/  064 090 127 123 091 108 080 125 077 093 092 078 107 096 075 097
  /*048-063*/  240 241 242 243 244 245 246 247 248 249 122 094 076 126 110 111
  /*064-079*/  124 193 194 195 196 197 198 199 200 201 209 210 211 212 213 214
  /*080-095*/  215 216 217 226 227 228 229 230 231 232 233 186 224 187 176 109
  /*096-111*/  121 129 130 131 132 133 134 135 136 137 145 146 147 148 149 150
  /*112-127*/  151 152 153 162 163 164 165 166 167 168 169 192 079 208 161 255
  /*128-143*/  104 220 081 066 067 068 071 072 082 083 084 087 086 088 099 103
  /*144-159*/  113 156 158 203 204 205 219 221 223 236 252 112 177 128 191 007
  /*160-175*/  069 085 206 222 073 105 154 155 171 175 095 184 183 170 138 139
  /*176-191*/  043 044 009 033 040 101 098 100 180 056 049 052 051 074 178 036
  /*192-207*/  034 023 041 006 032 042 070 102 026 053 008 057 054 048 058 159
  /*208-223*/  140 172 114 115 116 010 117 118 119 035 021 020 004 106 120 059
  /*224-239*/  238 089 235 237 207 239 160 142 174 254 251 253 141 173 188 190
  /*240-255*/  202 143 027 185 182 181 225 157 144 189 179 218 250 234 062 065
ENDTABLE
ENDCONVERT

#---------------------------------------------------------------------------
# This contains the data needed to convert from
# ibm850 to IBM278 
CONVERT
SOURCE-NAME "IBM850"
TARGET-NAME "IBM278"
TYPE "1"
  /*000-015*/  000 001 002 003 055 045 046 047 022 005 037 011 012 013 014 015
  /*016-031*/  016 017 018 019 060 061 050 038 024 025 028 039 063 029 030 031
  /*032-047*/  064 079 127 099 103 108 080 125 077 093 092 078 107 096 075 097
  /*048-063*/  240 241 242 243 244 245 246 247 248 249 122 094 076 126 110 111
  /*064-079*/  236 193 194 195 196 197 198 199 200 201 209 210 211 212 213 214
  /*080-095*/  215 216 217 226 227 228 229 230 231 232 233 181 113 159 095 109
  /*096-111*/  081 129 130 131 132 133 134 135 136 137 145 146 147 148 149 150
  /*112-127*/  151 152 153 162 163 164 165 166 167 168 169 067 187 071 220 255
  /*128-143*/  104 161 121 066 192 068 208 072 082 083 084 087 086 088 123 091
  /*144-159*/  224 156 158 203 106 205 219 221 223 124 252 112 177 128 191 007
  /*160-175*/  069 085 206 222 073 105 154 155 171 175 186 184 183 170 138 139
  /*176-191*/  043 044 009 033 040 101 098 100 180 056 049 052 051 176 178 036
  /*192-207*/  034 023 041 006 032 042 070 102 026 053 008 057 054 048 058 090
  /*208-223*/  140 172 114 115 116 010 117 118 119 035 021 020 004 204 120 059
  /*224-239*/  238 089 235 237 207 239 160 142 174 254 251 253 141 173 188 190
  /*240-255*/  202 143 027 185 182 074 225 157 144 189 179 218 250 234 062 065
ENDTABLE
ENDCONVERT


#---------------------------------------------------------------------------
# This contains the data needed to convert from
# ibm850 to ibm500
CONVERT
SOURCE-NAME "IBM850"
TARGET-NAME "IBM500"
TYPE "1"
  /*000-015*/  000 001 002 003 055 045 046 047 022 005 037 011 012 013 014 015
  /*016-031*/  016 017 018 019 060 061 050 038 024 025 028 039 063 029 030 031
  /*032-047*/  064 079 127 123 091 108 080 125 077 093 092 078 107 096 075 097
  /*048-063*/  240 241 242 243 244 245 246 247 248 249 122 094 076 126 110 111
  /*064-079*/  124 193 194 195 196 197 198 199 200 201 209 210 211 212 213 214
  /*080-095*/  215 216 217 226 227 228 229 230 231 232 233 074 224 090 095 109
  /*096-111*/  121 129 130 131 132 133 134 135 136 137 145 146 147 148 149 150
  /*112-127*/  151 152 153 162 163 164 165 166 167 168 169 192 187 208 161 255
  /*128-143*/  104 220 081 066 067 068 071 072 082 083 084 087 086 088 099 103
  /*144-159*/  113 156 158 203 204 205 219 221 223 236 252 112 177 128 191 007
  /*160-175*/  069 085 206 222 073 105 154 155 171 175 186 184 183 170 138 139
  /*176-191*/  043 044 009 033 040 101 098 100 180 056 049 052 051 176 178 036
  /*192-207*/  034 023 041 006 032 042 070 102 026 053 008 057 054 048 058 159
  /*208-223*/  140 172 114 115 116 010 117 118 119 035 021 020 004 106 120 059
  /*224-239*/  238 089 235 237 207 239 160 142 174 254 251 253 141 173 188 190
  /*240-255*/  202 143 027 185 182 181 225 157 144 189 179 218 250 234 062 065
ENDTABLE
ENDCONVERT


#---------------------------------------------------------------------------
# Convert from IBM850 (IBM PC Multilingual) 
#           to IBM297 (EBCDIC France)
CONVERT
SOURCE-NAME "IBM850"
TARGET-NAME "IBM297"
TYPE 1
  /*000-015*/  000 001 002 003 055 045 046 047 022 005 037 011 012 013 014 015
  /*016-031*/  016 017 018 019 060 061 050 038 024 025 028 039 063 029 030 031
  /*032-047*/  064 079 127 177 091 108 080 125 077 093 092 078 107 096 075 097
  /*048-063*/  240 241 242 243 244 245 246 247 248 249 122 094 076 126 110 111
  /*064-079*/  068 193 194 195 196 197 198 199 200 201 209 210 211 212 213 214
  /*080-095*/  215 216 217 226 227 228 229 230 231 232 233 144 072 181 095 109
  /*096-111*/  160 129 130 131 132 133 134 135 136 137 145 146 147 148 149 150
  /*112-127*/  151 152 153 162 163 164 165 166 167 168 169 081 187 084 189 255
  /*128-143*/  104 220 192 066 067 124 071 224 082 083 208 087 086 088 099 103
  /*144-159*/  113 156 158 203 204 205 219 106 223 236 252 112 123 128 191 007
  /*160-175*/  069 085 206 222 073 105 154 155 171 175 186 184 183 170 138 139
  /*176-191*/  043 044 009 033 040 101 098 100 180 056 049 052 051 176 178 036
  /*192-207*/  034 023 041 006 032 042 070 102 026 053 008 057 054 048 058 159
  /*208-223*/  140 172 114 115 116 010 117 118 119 035 021 020 004 221 120 059
  /*224-239*/  238 089 235 237 207 239 121 142 174 254 251 253 141 173 188 190
  /*240-255*/  202 143 027 185 182 090 225 157 074 161 179 218 250 234 062 065
ENDTABLE
ENDCONVERT


#---------------------------------------------------------------------------
# Convert from IBM850 (IBM PC Multilingual) 
#           to IBM273 (EBCDIC Germany/Austria)
CONVERT
SOURCE-NAME "IBM850"
TARGET-NAME "IBM273"
TYPE 1
  /*000-015*/  000 001 002 003 055 045 046 047 022 005 037 011 012 013 014 015
  /*016-031*/  016 017 018 019 060 061 050 038 024 025 028 039 063 029 030 031
  /*032-047*/  064 079 127 123 091 108 080 125 077 093 092 078 107 096 075 097
  /*048-063*/  240 241 242 243 244 245 246 247 248 249 122 094 076 126 110 111
  /*064-079*/  181 193 194 195 196 197 198 199 200 201 209 210 211 212 213 214
  /*080-095*/  215 216 217 226 227 228 229 230 231 232 233 099 236 252 095 109
  /*096-111*/  121 129 130 131 132 133 134 135 136 137 145 146 147 148 149 150
  /*112-127*/  151 152 153 162 163 164 165 166 167 168 169 067 187 220 089 255
  /*128-143*/  104 208 081 066 192 068 071 072 082 083 084 087 086 088 074 103
  /*144-159*/  113 156 158 203 106 205 219 221 223 224 090 112 177 128 191 007
  /*160-175*/  069 085 206 222 073 105 154 155 171 175 186 184 183 170 138 139
  /*176-191*/  043 044 009 033 040 101 098 100 180 056 049 052 051 176 178 036
  /*192-207*/  034 023 041 006 032 042 070 102 026 053 008 057 054 048 058 159
  /*208-223*/  140 172 114 115 116 010 117 118 119 035 021 020 004 204 120 059
  /*224-239*/  238 161 235 237 207 239 160 142 174 254 251 253 141 173 188 190
  /*240-255*/  202 143 027 185 182 124 225 157 144 189 179 218 250 234 062 065
ENDTABLE
ENDCONVERT


#---------------------------------------------------------------------------
# Convert from IBM850 (IBM PC Multilingual) 
#           to IBM277 (EBCDIC Denmark/Norway) 
CONVERT
SOURCE-NAME "IBM850"
TARGET-NAME "IBM277"
TYPE 1
  /*000-015*/  000 001 002 003 055 045 046 047 022 005 037 011 012 013 014 015
  /*016-031*/  016 017 018 019 060 061 050 038 024 025 028 039 063 029 030 031
  /*032-047*/  064 079 127 074 103 108 080 125 077 093 092 078 107 096 075 097
  /*048-063*/  240 241 242 243 244 245 246 247 248 249 122 094 076 126 110 111
  /*064-079*/  128 193 194 195 196 197 198 199 200 201 209 210 211 212 213 214
  /*080-095*/  215 216 217 226 227 228 229 230 231 232 233 158 224 159 095 109
  /*096-111*/  121 129 130 131 132 133 134 135 136 137 145 146 147 148 149 150
  /*112-127*/  151 152 153 162 163 164 165 166 167 168 169 156 187 071 220 255
  /*128-143*/  104 161 081 066 067 068 208 072 082 083 084 087 086 088 099 091
  /*144-159*/  113 192 123 203 204 205 219 221 223 236 252 106 177 124 191 007
  /*160-175*/  069 085 206 222 073 105 154 155 171 175 186 184 183 170 138 139
  /*176-191*/  043 044 009 033 040 101 098 100 180 056 049 052 051 176 178 036
  /*192-207*/  034 023 041 006 032 042 070 102 026 053 008 057 054 048 058 090
  /*208-223*/  140 172 114 115 116 010 117 118 119 035 021 020 004 112 120 059
  /*224-239*/  238 089 235 237 207 239 160 142 174 254 251 253 141 173 188 190
  /*240-255*/  202 143 027 185 182 181 225 157 144 189 179 218 250 234 062 065
ENDTABLE
ENDCONVERT


#---------------------------------------------------------------------------
# This contains the data needed to convert from
# ISO8859-15 to ibm037
CONVERT
SOURCE-NAME "ISO8859-15"
TARGET-NAME "IBM037"
TYPE "1"
  /*000-015*/  000 001 002 003 004 005 006 007 008 009 010 011 012 013 014 015
  /*016-031*/  016 017 018 019 020 021 022 023 024 025 026 027 028 029 030 031
  /*032-047*/  064 090 127 123 091 108 080 125 077 093 092 078 107 096 075 097
  /*048-063*/  240 241 242 243 244 245 246 247 248 249 122 094 076 126 110 111
  /*064-079*/  124 193 194 195 196 197 198 199 200 201 209 210 211 212 213 214
  /*080-095*/  215 216 217 226 227 228 229 230 231 232 233 186 224 187 176 109
  /*096-111*/  121 129 130 131 132 133 134 135 136 137 145 146 147 148 149 150
  /*112-127*/  151 152 153 162 163 164 165 166 167 168 169 192 079 208 161 032
  /*128-143*/  033 034 035 036 037 038 039 040 041 042 043 044 045 046 047 048
  /*144-159*/  049 050 051 052 053 054 055 056 057 058 059 060 061 062 063 255
  /*160-175*/  065 170 074 177 159 178 106 181 189 180 154 138 095 202 175 188
  /*176-191*/  144 143 234 250 190 160 182 179 157 218 155 139 183 184 185 171
  /*192-207*/  100 101 098 102 099 103 158 104 116 113 114 115 120 117 118 119
  /*208-223*/  172 105 237 238 235 239 236 191 128 253 254 251 252 173 174 089
  /*224-239*/  068 069 066 070 067 071 156 072 084 081 082 083 088 085 086 087
  /*240-255*/  140 073 205 206 203 207 204 225 112 221 222 219 220 141 142 223
ENDTABLE
ENDCONVERT


#---------------------------------------------------------------------------
# This contains the data needed to convert from
# ISO8859-151 to ibm278
CONVERT
SOURCE-NAME "ISO8859-15"
TARGET-NAME "IBM278"
TYPE "1"
  /*000-015*/  000 001 002 003 004 005 006 007 008 009 010 011 012 013 014 015
  /*016-031*/  016 017 018 019 020 021 022 023 024 025 026 027 028 029 030 031
  /*032-047*/  064 079 127 099 103 108 080 125 077 093 092 078 107 096 075 097
  /*048-063*/  240 241 242 243 244 245 246 247 248 249 122 094 076 126 110 111
  /*064-079*/  236 193 194 195 196 197 198 199 200 201 209 210 211 212 213 214
  /*080-095*/  215 216 217 226 227 228 229 230 231 232 233 181 113 159 095 109
  /*096-111*/  081 129 130 131 132 133 134 135 136 137 145 146 147 148 149 150
  /*112-127*/  151 152 153 162 163 164 165 166 167 168 169 067 187 071 220 032
  /*128-143*/  033 034 035 036 037 038 039 040 041 042 043 044 045 046 047 048
  /*144-159*/  049 050 051 052 053 054 055 056 057 058 059 060 061 062 063 255
  /*160-175*/  065 170 176 177 090 178 204 074 189 180 154 138 186 202 175 188
  /*176-191*/  144 143 234 250 190 160 182 179 157 218 155 139 183 184 185 171
  /*192-207*/  100 101 098 102 123 091 158 104 116 224 114 115 120 117 118 119
  /*208-223*/  172 105 237 238 235 239 124 191 128 253 254 251 252 173 174 089
  /*224-239*/  068 069 066 070 192 208 156 072 084 121 082 083 088 085 086 087
  /*240-255*/  140 073 205 206 203 207 106 225 112 221 222 219 161 141 142 223
ENDTABLE
ENDCONVERT


#---------------------------------------------------------------------------
# This contains the data needed to convert from
# ISO8859-15 to ibm500
CONVERT
SOURCE-NAME "ISO8859-15"
TARGET-NAME "IBM500"
TYPE "1"
  /*000-015*/  000 001 002 003 004 005 006 007 008 009 010 011 012 013 014 015
  /*016-031*/  016 017 018 019 020 021 022 023 024 025 026 027 028 029 030 031
  /*032-047*/  064 079 127 123 091 108 080 125 077 093 092 078 107 096 075 097
  /*048-063*/  240 241 242 243 244 245 246 247 248 249 122 094 076 126 110 111
  /*064-079*/  124 193 194 195 196 197 198 199 200 201 209 210 211 212 213 214
  /*080-095*/  215 216 217 226 227 228 229 230 231 232 233 074 224 090 095 109
  /*096-111*/  121 129 130 131 132 133 134 135 136 137 145 146 147 148 149 150
  /*112-127*/  151 152 153 162 163 164 165 166 167 168 169 192 187 208 161 032
  /*128-143*/  033 034 035 036 037 038 039 040 041 042 043 044 045 046 047 048
  /*144-159*/  049 050 051 052 053 054 055 056 057 058 059 060 061 062 063 255
  /*160-175*/  065 170 176 177 159 178 106 181 189 180 154 138 186 202 175 188
  /*176-191*/  144 143 234 250 190 160 182 179 157 218 155 139 183 184 185 171
  /*192-207*/  100 101 098 102 099 103 158 104 116 113 114 115 120 117 118 119
  /*208-223*/  172 105 237 238 235 239 236 191 128 253 254 251 252 173 174 089
  /*224-239*/  068 069 066 070 067 071 156 072 084 081 082 083 088 085 086 087
  /*240-255*/  140 073 205 206 203 207 204 225 112 221 222 219 220 141 142 223
ENDTABLE
ENDCONVERT

#---------------------------------------------------------------------------
# Convert from IBM297 (EBCDIC France)
#           to ISO8859-15 (default Progress internal)
CONVERT
SOURCE-NAME "IBM297"
TARGET-NAME "ISO8859-15"
TYPE "1"
  /*000-015*/  000 001 002 003 004 005 006 007 008 009 010 011 012 013 014 015
  /*016-031*/  016 017 018 019 020 021 022 023 024 025 026 027 028 029 030 031
  /*032-047*/  127 128 129 130 131 132 133 134 135 136 137 138 139 140 141 142
  /*048-063*/  143 144 145 146 147 148 149 150 151 152 153 154 155 156 157 158
  /*064-079*/  032 160 226 228 064 225 227 229 092 241 176 046 060 040 043 033
  /*080-095*/  038 123 234 235 125 237 238 239 236 223 167 036 042 041 059 094
  /*096-111*/  045 047 194 196 192 193 195 197 199 209 249 044 037 095 062 063
  /*112-127*/  248 201 202 203 200 205 206 207 204 181 058 163 224 039 061 034
  /*128-143*/  216 097 098 099 100 101 102 103 104 105 171 187 240 253 254 177
  /*144-159*/  091 106 107 108 109 110 111 112 113 114 170 186 230 184 198 164
  /*160-175*/  096 168 115 116 117 118 119 120 121 122 161 191 208 221 222 174
  /*176-191*/  162 035 165 183 169 093 182 188 189 190 172 124 175 126 180 215
  /*192-207*/  233 065 066 067 068 069 070 071 072 073 173 244 246 242 243 245
  /*208-223*/  232 074 075 076 077 078 079 080 081 082 185 251 252 166 250 255
  /*224-239*/  231 247 083 084 085 086 087 088 089 090 178 212 214 210 211 213
  /*240-255*/  048 049 050 051 052 053 054 055 056 057 179 219 220 217 218 159
ENDTABLE
ENDCONVERT

#---------------------------------------------------------------------------
# Convert from ISO8859-15 (default Progress internal) 
#           to IBM273 (EBCDIC Germany/Austria)
CONVERT
SOURCE-NAME "ISO8859-15"
TARGET-NAME "IBM273"
TYPE 1
  /*000-015*/  000 001 002 003 004 005 006 007 008 009 010 011 012 013 014 015
  /*016-031*/  016 017 018 019 020 021 022 023 024 025 026 027 028 029 030 031
  /*032-047*/  064 079 127 123 091 108 080 125 077 093 092 078 107 096 075 097
  /*048-063*/  240 241 242 243 244 245 246 247 248 249 122 094 076 126 110 111
  /*064-079*/  181 193 194 195 196 197 198 199 200 201 209 210 211 212 213 214
  /*080-095*/  215 216 217 226 227 228 229 230 231 232 233 099 236 252 095 109
  /*096-111*/  121 129 130 131 132 133 134 135 136 137 145 146 147 148 149 150
  /*112-127*/  151 152 153 162 163 164 165 166 167 168 169 067 187 220 089 255
  /*128-143*/  032 033 034 035 036 037 038 039 040 041 042 043 044 045 046 047
  /*144-159*/  048 049 050 051 052 053 054 055 056 057 058 059 060 061 062 063
  /*160-175*/  065 170 176 177 159 178 204 124 189 180 154 138 186 202 175 188
  /*176-191*/  144 143 234 250 190 160 182 179 157 218 155 139 183 184 185 171
  /*192-207*/  100 101 098 102 074 103 158 104 116 113 114 115 120 117 118 119
  /*208-223*/  172 105 237 238 235 239 224 191 128 253 254 251 090 173 174 161
  /*224-239*/  068 069 066 070 192 071 156 072 084 081 082 083 088 085 086 087
  /*240-255*/  140 073 205 206 203 207 106 225 112 221 222 219 208 141 142 223
ENDTABLE
ENDCONVERT

#---------------------------------------------------------------------------
# Convert from ISO8859-15 (default Progress internal) 
#           to IBM277 (EBCDIC Denmark/Norway)
CONVERT
SOURCE-NAME "ISO8859-15"
TARGET-NAME "IBM277"
TYPE 1
  /*000-015*/  000 001 002 003 004 005 006 007 008 009 010 011 012 013 014 015
  /*016-031*/  016 017 018 019 020 021 022 023 024 025 026 027 028 029 030 031
  /*032-047*/  064 079 127 074 103 108 080 125 077 093 092 078 107 096 075 097
  /*048-063*/  240 241 242 243 244 245 246 247 248 249 122 094 076 126 110 111
  /*064-079*/  128 193 194 195 196 197 198 199 200 201 209 210 211 212 213 214
  /*080-095*/  215 216 217 226 227 228 229 230 231 232 233 158 224 159 095 109
  /*096-111*/  121 129 130 131 132 133 134 135 136 137 145 146 147 148 149 150
  /*112-127*/  151 152 153 162 163 164 165 166 167 168 169 156 187 071 220 032
  /*128-143*/  033 034 035 036 037 038 039 040 041 042 043 044 045 046 047 048
  /*144-159*/  049 050 051 052 053 054 055 056 057 058 059 060 061 062 063 255
  /*160-175*/  065 170 176 177 090 178 112 181 189 180 154 138 186 202 175 188
  /*176-191*/  144 143 234 250 190 160 182 179 157 218 155 139 183 184 185 171
  /*192-207*/  100 101 098 102 099 091 123 104 116 113 114 115 120 117 118 119
  /*208-223*/  172 105 237 238 235 239 236 191 124 253 254 251 252 173 174 089
  /*224-239*/  068 069 066 070 067 208 192 072 084 081 082 083 088 085 086 087
  /*240-255*/  140 073 205 206 203 207 204 225 106 221 222 219 161 141 142 223
ENDTABLE
ENDCONVERT

#---------------------------------------------------------------------------
# This contains the data needed to convert from
# ISO8859-15 TO ibm284

CONVERT
SOURCE-NAME ISO8859-15
TARGET-NAME IBM284
TYPE 1
  /*000-015*/  000 001 002 003 004 005 006 007 008 009 010 011 012 013 014 015
  /*016-031*/  016 017 018 019 020 021 022 023 024 025 026 027 028 029 030 031
  /*032-047*/  064 187 127 105 091 108 080 125 077 093 092 078 107 096 075 097
  /*048-063*/  240 241 242 243 244 245 246 247 248 249 122 094 076 126 110 111
  /*064-079*/  124 193 194 195 196 197 198 199 200 201 209 210 211 212 213 214
  /*080-095*/  215 216 217 226 227 228 229 230 231 232 233 074 224 090 186 109
  /*096-111*/  121 129 130 131 132 133 134 135 136 137 145 146 147 148 149 150
  /*112-127*/  151 152 153 162 163 164 165 166 167 168 169 192 079 208 189 032
  /*128-143*/  033 034 035 036 037 038 039 040 041 042 043 044 045 046 047 048
  /*144-159*/  049 050 051 052 053 054 055 056 057 058 059 060 061 062 063 255
  /*160-175*/  065 170 176 177 159 178 073 181 161 180 154 138 095 202 175 188
  /*176-191*/  144 143 234 250 190 160 182 179 157 218 155 139 183 184 185 171
  /*192-207*/  100 101 098 102 099 103 158 104 116 113 114 115 120 117 118 119
  /*208-223*/  172 123 237 238 235 239 236 191 128 253 254 251 252 173 174 089
  /*224-239*/  068 069 066 070 067 071 156 072 084 081 082 083 088 085 086 087
  /*240-255*/  140 106 205 206 203 207 204 225 112 221 222 219 220 141 142 223
ENDTABLE
ENDCONVERT

#---------------------------------------------------------------------------
# Convert from Microsoft Western European Code page 1252
#           to IBM297 (EBCDIC France)
CONVERT 
SOURCE-NAME "1252"
TARGET-NAME "IBM297"
TYPE "1"
  /*000-015*/  000 001 002 003 004 005 006 007 008 009 010 011 012 013 014 015
  /*016-031*/  016 017 018 019 020 021 022 023 024 025 026 027 028 029 030 031
  /*032-047*/  064 079 127 177 091 108 080 125 077 093 092 078 107 096 075 097
  /*048-063*/  240 241 242 243 244 245 246 247 248 249 122 094 076 126 110 111
  /*064-079*/  068 193 194 195 196 197 198 199 200 201 209 210 211 212 213 214
  /*080-095*/  215 216 217 226 227 228 229 230 231 232 233 144 072 181 095 109
  /*096-111*/  160 129 130 131 132 133 134 135 136 137 145 146 147 148 149 150
  /*112-127*/  151 152 153 162 163 164 165 166 167 168 169 081 187 084 189 032
  /*128-143*/  033 034 035 036 037 038 039 040 041 042 043 044 045 046 047 048
  /*144-159*/  049 050 051 052 053 054 055 056 057 058 059 060 061 062 063 255
  /*160-175*/  065 170 176 123 159 178 221 090 161 180 154 138 186 202 175 188
  /*176-191*/  074 143 234 250 190 121 182 179 157 218 155 139 183 184 185 171
  /*192-207*/  100 101 098 102 099 103 158 104 116 113 114 115 120 117 118 119
  /*208-223*/  172 105 237 238 235 239 236 191 128 253 254 251 252 173 174 089
  /*224-239*/  124 069 066 070 067 071 156 224 208 192 082 083 088 085 086 087
  /*240-255*/  140 073 205 206 203 207 204 225 112 106 222 219 220 141 142 223
ENDTABLE
ENDCONVERT


#---------------------------------------------------------------------------
# Convert from Microsoft Western European Code page 1252
#           to IBM273 (EBCDIC Germany/Austria)
CONVERT 
SOURCE-NAME "1252"
TARGET-NAME "IBM273"
TYPE 1
  /*000-015*/  000 001 002 003 004 005 006 007 008 009 010 011 012 013 014 015
  /*016-031*/  016 017 018 019 020 021 022 023 024 025 026 027 028 029 030 031
  /*032-047*/  064 079 127 123 091 108 080 125 077 093 092 078 107 096 075 097
  /*048-063*/  240 241 242 243 244 245 246 247 248 249 122 094 076 126 110 111
  /*064-079*/  181 193 194 195 196 197 198 199 200 201 209 210 211 212 213 214
  /*080-095*/  215 216 217 226 227 228 229 230 231 232 233 099 236 252 095 109
  /*096-111*/  121 129 130 131 132 133 134 135 136 137 145 146 147 148 149 150
  /*112-127*/  151 152 153 162 163 164 165 166 167 168 169 067 187 220 089 255
  /*128-143*/  032 033 034 035 036 037 038 039 040 041 042 043 044 045 046 047
  /*144-159*/  048 049 050 051 052 053 054 055 056 057 058 059 060 061 062 063
  /*160-175*/  065 170 176 177 159 178 204 124 189 180 154 138 186 202 175 188
  /*176-191*/  144 143 234 250 190 160 182 179 157 218 155 139 183 184 185 171
  /*192-207*/  100 101 098 102 074 103 158 104 116 113 114 115 120 117 118 119
  /*208-223*/  172 105 237 238 235 239 224 191 128 253 254 251 090 173 174 161
  /*224-239*/  068 069 066 070 192 071 156 072 084 081 082 083 088 085 086 087
  /*240-255*/  140 073 205 206 203 207 106 225 112 221 222 219 208 141 142 223
ENDTABLE
ENDCONVERT


#---------------------------------------------------------------------------
# Convert from Microsoft Western European Code page 1252
#           to IBM277 (EBCDIC Denmark/Norway)
CONVERT 
SOURCE-NAME "1252"
TARGET-NAME "IBM277"
TYPE 1
  /*000-015*/  000 001 002 003 004 005 006 007 008 009 010 011 012 013 014 015
  /*016-031*/  016 017 018 019 020 021 022 023 024 025 026 027 028 029 030 031
  /*032-047*/  064 079 127 074 103 108 080 125 077 093 092 078 107 096 075 097
  /*048-063*/  240 241 242 243 244 245 246 247 248 249 122 094 076 126 110 111
  /*064-079*/  128 193 194 195 196 197 198 199 200 201 209 210 211 212 213 214
  /*080-095*/  215 216 217 226 227 228 229 230 231 232 233 158 224 159 095 109
  /*096-111*/  121 129 130 131 132 133 134 135 136 137 145 146 147 148 149 150
  /*112-127*/  151 152 153 162 163 164 165 166 167 168 169 156 187 071 220 032
  /*128-143*/  033 034 035 036 037 038 039 040 041 042 043 044 045 046 047 048
  /*144-159*/  049 050 051 052 053 054 055 056 057 058 059 060 061 062 063 255
  /*160-175*/  065 170 176 177 090 178 112 181 189 180 154 138 186 202 175 188
  /*176-191*/  144 143 234 250 190 160 182 179 157 218 155 139 183 184 185 171
  /*192-207*/  100 101 098 102 099 091 123 104 116 113 114 115 120 117 118 119
  /*208-223*/  172 105 237 238 235 239 236 191 124 253 254 251 252 173 174 089
  /*224-239*/  068 069 066 070 067 208 192 072 084 081 082 083 088 085 086 087
  /*240-255*/  140 073 205 206 203 207 204 225 106 221 222 219 161 141 142 223
ENDTABLE
ENDCONVERT


#---------------------------------------------------------------------------
# This contains the data needed to convert from
# Convert from Microsoft Western European Code page 1252
# to IBM284

CONVERT 
SOURCE-NAME 1252
TARGET-NAME IBM284
TYPE 1
  /*000-015*/  000 001 002 003 004 005 006 007 008 009 010 011 012 013 014 015
  /*016-031*/  016 017 018 019 020 021 022 023 024 025 026 027 028 029 030 031
  /*032-047*/  064 187 127 105 091 108 080 125 077 093 092 078 107 096 075 097
  /*048-063*/  240 241 242 243 244 245 246 247 248 249 122 094 076 126 110 111
  /*064-079*/  124 193 194 195 196 197 198 199 200 201 209 210 211 212 213 214
  /*080-095*/  215 216 217 226 227 228 229 230 231 232 233 074 224 090 186 109
  /*096-111*/  121 129 130 131 132 133 134 135 136 137 145 146 147 148 149 150
  /*112-127*/  151 152 153 162 163 164 165 166 167 168 169 192 079 208 189 032
  /*128-143*/  033 034 035 036 037 038 039 040 041 042 043 044 045 046 047 048
  /*144-159*/  049 050 051 052 053 054 055 056 057 058 059 060 061 062 063 255
  /*160-175*/  065 170 176 177 159 178 073 181 161 180 154 138 095 202 175 188
  /*176-191*/  144 143 234 250 190 160 182 179 157 218 155 139 183 184 185 171
  /*192-207*/  100 101 098 102 099 103 158 104 116 113 114 115 120 117 118 119
  /*208-223*/  172 123 237 238 235 239 236 191 128 253 254 251 252 173 174 089
  /*224-239*/  068 069 066 070 067 071 156 072 084 081 082 083 088 085 086 087
  /*240-255*/  140 106 205 206 203 207 204 225 112 221 222 219 220 141 142 223
ENDTABLE
ENDCONVERT


#---------------------------------------------------------------------------
# This contains the data needed to convert from
# Convert from Microsoft Western European Code page 1252 to IBM037
CONVERT 
SOURCE-NAME "1252"
TARGET-NAME "IBM037"
TYPE "1"
  /*000-015*/  000 001 002 003 004 005 006 007 008 009 010 011 012 013 014 015
  /*016-031*/  016 017 018 019 020 021 022 023 024 025 026 027 028 029 030 031
  /*032-047*/  064 090 127 123 091 108 080 125 077 093 092 078 107 096 075 097
  /*048-063*/  240 241 242 243 244 245 246 247 248 249 122 094 076 126 110 111
  /*064-079*/  124 193 194 195 196 197 198 199 200 201 209 210 211 212 213 214
  /*080-095*/  215 216 217 226 227 228 229 230 231 232 233 186 224 187 176 109
  /*096-111*/  121 129 130 131 132 133 134 135 136 137 145 146 147 148 149 150
  /*112-127*/  151 152 153 162 163 164 165 166 167 168 169 192 079 208 161 032
  /*128-143*/  033 034 035 036 037 038 039 040 041 042 043 044 045 046 047 048
  /*144-159*/  049 050 051 052 053 054 055 056 057 058 059 060 061 062 063 255
  /*160-175*/  065 170 074 177 159 178 106 181 189 180 154 138 095 202 175 188
  /*176-191*/  144 143 234 250 190 160 182 179 157 218 155 139 183 184 185 171
  /*192-207*/  100 101 098 102 099 103 158 104 116 113 114 115 120 117 118 119
  /*208-223*/  172 105 237 238 235 239 236 191 128 253 254 251 252 173 174 089
  /*224-239*/  068 069 066 070 067 071 156 072 084 081 082 083 088 085 086 087
  /*240-255*/  140 073 205 206 203 207 204 225 112 221 222 219 220 141 142 223
ENDTABLE
ENDCONVERT

#---------------------------------------------------------------------------
# This contains the data needed to convert from
# Convert from Microsoft Western European Code page 1252 to IBM278
CONVERT 
SOURCE-NAME "1252"
TARGET-NAME "IBM278"
TYPE "1"
  /*000-015*/  000 001 002 003 004 005 006 007 008 009 010 011 012 013 014 015
  /*016-031*/  016 017 018 019 020 021 022 023 024 025 026 027 028 029 030 031
  /*032-047*/  064 079 127 099 103 108 080 125 077 093 092 078 107 096 075 097
  /*048-063*/  240 241 242 243 244 245 246 247 248 249 122 094 076 126 110 111
  /*064-079*/  236 193 194 195 196 197 198 199 200 201 209 210 211 212 213 214
  /*080-095*/  215 216 217 226 227 228 229 230 231 232 233 181 113 159 095 109
  /*096-111*/  081 129 130 131 132 133 134 135 136 137 145 146 147 148 149 150
  /*112-127*/  151 152 153 162 163 164 165 166 167 168 169 067 187 071 220 032
  /*128-143*/  033 034 035 036 037 038 039 040 041 042 043 044 045 046 047 048
  /*144-159*/  049 050 051 052 053 054 055 056 057 058 059 060 061 062 063 255
  /*160-175*/  065 170 176 177 090 178 204 074 189 180 154 138 186 202 175 188
  /*176-191*/  144 143 234 250 190 160 182 179 157 218 155 139 183 184 185 171
  /*192-207*/  100 101 098 102 123 091 158 104 116 224 114 115 120 117 118 119
  /*208-223*/  172 105 237 238 235 239 124 191 128 253 254 251 252 173 174 089
  /*224-239*/  068 069 066 070 192 208 156 072 084 121 082 083 088 085 086 087
  /*240-255*/  140 073 205 206 203 207 106 225 112 221 222 219 161 141 142 223
ENDTABLE
ENDCONVERT


#---------------------------------------------------------------------------
# This contains the data needed to convert from
# Convert from Microsoft Western European Code page 1252 to IBM500
CONVERT 
SOURCE-NAME "1252"
TARGET-NAME "IBM500"
TYPE "1"
  /*000-015*/  000 001 002 003 004 005 006 007 008 009 010 011 012 013 014 015
  /*016-031*/  016 017 018 019 020 021 022 023 024 025 026 027 028 029 030 031
  /*032-047*/  064 079 127 123 091 108 080 125 077 093 092 078 107 096 075 097
  /*048-063*/  240 241 242 243 244 245 246 247 248 249 122 094 076 126 110 111
  /*064-079*/  124 193 194 195 196 197 198 199 200 201 209 210 211 212 213 214
  /*080-095*/  215 216 217 226 227 228 229 230 231 232 233 074 224 090 095 109
  /*096-111*/  121 129 130 131 132 133 134 135 136 137 145 146 147 148 149 150
  /*112-127*/  151 152 153 162 163 164 165 166 167 168 169 192 187 208 161 032
  /*128-143*/  033 034 035 036 037 038 039 040 041 042 043 044 045 046 047 048
  /*144-159*/  049 050 051 052 053 054 055 056 057 058 059 060 061 062 063 255
  /*160-175*/  065 170 176 177 159 178 106 181 189 180 154 138 186 202 175 188
  /*176-191*/  144 143 234 250 190 160 182 179 157 218 155 139 183 184 185 171
  /*192-207*/  100 101 098 102 099 103 158 104 116 113 114 115 120 117 118 119
  /*208-223*/  172 105 237 238 235 239 236 191 128 253 254 251 252 173 174 089
  /*224-239*/  068 069 066 070 067 071 156 072 084 081 082 083 088 085 086 087
  /*240-255*/  140 073 205 206 203 207 204 225 112 221 222 219 220 141 142 223
ENDTABLE
ENDCONVERT


#---------------------------------------------------------------------------
# This contains the data needed to convert from
# IBM 858 to ibm037
CONVERT
SOURCE-NAME "IBM858"
TARGET-NAME "IBM037"
TYPE "1"
  /*000-015*/  000 001 002 003 055 045 046 047 022 005 037 011 012 013 014 015
  /*016-031*/  016 017 018 019 060 061 050 038 024 025 028 039 063 029 030 031
  /*032-047*/  064 090 127 123 091 108 080 125 077 093 092 078 107 096 075 097
  /*048-063*/  240 241 242 243 244 245 246 247 248 249 122 094 076 126 110 111
  /*064-079*/  124 193 194 195 196 197 198 199 200 201 209 210 211 212 213 214
  /*080-095*/  215 216 217 226 227 228 229 230 231 232 233 186 224 187 176 109
  /*096-111*/  121 129 130 131 132 133 134 135 136 137 145 146 147 148 149 150
  /*112-127*/  151 152 153 162 163 164 165 166 167 168 169 192 079 208 161 255
  /*128-143*/  104 220 081 066 067 068 071 072 082 083 084 087 086 088 099 103
  /*144-159*/  113 156 158 203 204 205 219 221 223 236 252 112 177 128 191 007
  /*160-175*/  069 085 206 222 073 105 154 155 171 175 095 184 183 170 138 139
  /*176-191*/  043 044 009 033 040 101 098 100 180 056 049 052 051 074 178 036
  /*192-207*/  034 023 041 006 032 042 070 102 026 053 008 057 054 048 058 159
  /*208-223*/  140 172 114 115 116 010 117 118 119 035 021 020 004 106 120 059
  /*224-239*/  238 089 235 237 207 239 160 142 174 254 251 253 141 173 188 190
  /*240-255*/  202 143 027 185 182 181 225 157 144 189 179 218 250 234 062 065
ENDTABLE
ENDCONVERT

#---------------------------------------------------------------------------
# This contains the data needed to convert from
# IBM 858 to IBM278 
CONVERT
SOURCE-NAME "IBM858"
TARGET-NAME "IBM278"
TYPE "1"
  /*000-015*/  000 001 002 003 055 045 046 047 022 005 037 011 012 013 014 015
  /*016-031*/  016 017 018 019 060 061 050 038 024 025 028 039 063 029 030 031
  /*032-047*/  064 079 127 099 103 108 080 125 077 093 092 078 107 096 075 097
  /*048-063*/  240 241 242 243 244 245 246 247 248 249 122 094 076 126 110 111
  /*064-079*/  236 193 194 195 196 197 198 199 200 201 209 210 211 212 213 214
  /*080-095*/  215 216 217 226 227 228 229 230 231 232 233 181 113 159 095 109
  /*096-111*/  081 129 130 131 132 133 134 135 136 137 145 146 147 148 149 150
  /*112-127*/  151 152 153 162 163 164 165 166 167 168 169 067 187 071 220 255
  /*128-143*/  104 161 121 066 192 068 208 072 082 083 084 087 086 088 123 091
  /*144-159*/  224 156 158 203 106 205 219 221 223 124 252 112 177 128 191 007
  /*160-175*/  069 085 206 222 073 105 154 155 171 175 186 184 183 170 138 139
  /*176-191*/  043 044 009 033 040 101 098 100 180 056 049 052 051 176 178 036
  /*192-207*/  034 023 041 006 032 042 070 102 026 053 008 057 054 048 058 090
  /*208-223*/  140 172 114 115 116 010 117 118 119 035 021 020 004 204 120 059
  /*224-239*/  238 089 235 237 207 239 160 142 174 254 251 253 141 173 188 190
  /*240-255*/  202 143 027 185 182 074 225 157 144 189 179 218 250 234 062 065
ENDTABLE
ENDCONVERT


#---------------------------------------------------------------------------
# This contains the data needed to convert from
# IBM 858 to ibm500
CONVERT
SOURCE-NAME "IBM858"
TARGET-NAME "IBM500"
TYPE "1"
  /*000-015*/  000 001 002 003 055 045 046 047 022 005 037 011 012 013 014 015
  /*016-031*/  016 017 018 019 060 061 050 038 024 025 028 039 063 029 030 031
  /*032-047*/  064 079 127 123 091 108 080 125 077 093 092 078 107 096 075 097
  /*048-063*/  240 241 242 243 244 245 246 247 248 249 122 094 076 126 110 111
  /*064-079*/  124 193 194 195 196 197 198 199 200 201 209 210 211 212 213 214
  /*080-095*/  215 216 217 226 227 228 229 230 231 232 233 074 224 090 095 109
  /*096-111*/  121 129 130 131 132 133 134 135 136 137 145 146 147 148 149 150
  /*112-127*/  151 152 153 162 163 164 165 166 167 168 169 192 187 208 161 255
  /*128-143*/  104 220 081 066 067 068 071 072 082 083 084 087 086 088 099 103
  /*144-159*/  113 156 158 203 204 205 219 221 223 236 252 112 177 128 191 007
  /*160-175*/  069 085 206 222 073 105 154 155 171 175 186 184 183 170 138 139
  /*176-191*/  043 044 009 033 040 101 098 100 180 056 049 052 051 176 178 036
  /*192-207*/  034 023 041 006 032 042 070 102 026 053 008 057 054 048 058 159
  /*208-223*/  140 172 114 115 116 010 117 118 119 035 021 020 004 106 120 059
  /*224-239*/  238 089 235 237 207 239 160 142 174 254 251 253 141 173 188 190
  /*240-255*/  202 143 027 185 182 181 225 157 144 189 179 218 250 234 062 065
ENDTABLE
ENDCONVERT


#---------------------------------------------------------------------------
# Convert from IBM 858 (IBM PC Multilingual) 
#           to IBM297 (EBCDIC France)
CONVERT
SOURCE-NAME "IBM858"
TARGET-NAME "IBM297"
TYPE 1
  /*000-015*/  000 001 002 003 055 045 046 047 022 005 037 011 012 013 014 015
  /*016-031*/  016 017 018 019 060 061 050 038 024 025 028 039 063 029 030 031
  /*032-047*/  064 079 127 177 091 108 080 125 077 093 092 078 107 096 075 097
  /*048-063*/  240 241 242 243 244 245 246 247 248 249 122 094 076 126 110 111
  /*064-079*/  068 193 194 195 196 197 198 199 200 201 209 210 211 212 213 214
  /*080-095*/  215 216 217 226 227 228 229 230 231 232 233 144 072 181 095 109
  /*096-111*/  160 129 130 131 132 133 134 135 136 137 145 146 147 148 149 150
  /*112-127*/  151 152 153 162 163 164 165 166 167 168 169 081 187 084 189 255
  /*128-143*/  104 220 192 066 067 124 071 224 082 083 208 087 086 088 099 103
  /*144-159*/  113 156 158 203 204 205 219 106 223 236 252 112 123 128 191 007
  /*160-175*/  069 085 206 222 073 105 154 155 171 175 186 184 183 170 138 139
  /*176-191*/  043 044 009 033 040 101 098 100 180 056 049 052 051 176 178 036
  /*192-207*/  034 023 041 006 032 042 070 102 026 053 008 057 054 048 058 159
  /*208-223*/  140 172 114 115 116 010 117 118 119 035 021 020 004 221 120 059
  /*224-239*/  238 089 235 237 207 239 121 142 174 254 251 253 141 173 188 190
  /*240-255*/  202 143 027 185 182 090 225 157 074 161 179 218 250 234 062 065
ENDTABLE
ENDCONVERT


#---------------------------------------------------------------------------
# Convert from IBM 858 (IBM PC Multilingual) 
#           to IBM273 (EBCDIC Germany/Austria)
CONVERT
SOURCE-NAME "IBM858"
TARGET-NAME "IBM273"
TYPE 1
  /*000-015*/  000 001 002 003 055 045 046 047 022 005 037 011 012 013 014 015
  /*016-031*/  016 017 018 019 060 061 050 038 024 025 028 039 063 029 030 031
  /*032-047*/  064 079 127 123 091 108 080 125 077 093 092 078 107 096 075 097
  /*048-063*/  240 241 242 243 244 245 246 247 248 249 122 094 076 126 110 111
  /*064-079*/  181 193 194 195 196 197 198 199 200 201 209 210 211 212 213 214
  /*080-095*/  215 216 217 226 227 228 229 230 231 232 233 099 236 252 095 109
  /*096-111*/  121 129 130 131 132 133 134 135 136 137 145 146 147 148 149 150
  /*112-127*/  151 152 153 162 163 164 165 166 167 168 169 067 187 220 089 255
  /*128-143*/  104 208 081 066 192 068 071 072 082 083 084 087 086 088 074 103
  /*144-159*/  113 156 158 203 106 205 219 221 223 224 090 112 177 128 191 007
  /*160-175*/  069 085 206 222 073 105 154 155 171 175 186 184 183 170 138 139
  /*176-191*/  043 044 009 033 040 101 098 100 180 056 049 052 051 176 178 036
  /*192-207*/  034 023 041 006 032 042 070 102 026 053 008 057 054 048 058 159
  /*208-223*/  140 172 114 115 116 010 117 118 119 035 021 020 004 204 120 059
  /*224-239*/  238 161 235 237 207 239 160 142 174 254 251 253 141 173 188 190
  /*240-255*/  202 143 027 185 182 124 225 157 144 189 179 218 250 234 062 065
ENDTABLE
ENDCONVERT


#---------------------------------------------------------------------------
# Convert from IBM 858 (IBM PC Multilingual) 
#           to IBM277 (EBCDIC Denmark/Norway) 
CONVERT
SOURCE-NAME "IBM858"
TARGET-NAME "IBM277"
TYPE 1
  /*000-015*/  000 001 002 003 055 045 046 047 022 005 037 011 012 013 014 015
  /*016-031*/  016 017 018 019 060 061 050 038 024 025 028 039 063 029 030 031
  /*032-047*/  064 079 127 074 103 108 080 125 077 093 092 078 107 096 075 097
  /*048-063*/  240 241 242 243 244 245 246 247 248 249 122 094 076 126 110 111
  /*064-079*/  128 193 194 195 196 197 198 199 200 201 209 210 211 212 213 214
  /*080-095*/  215 216 217 226 227 228 229 230 231 232 233 158 224 159 095 109
  /*096-111*/  121 129 130 131 132 133 134 135 136 137 145 146 147 148 149 150
  /*112-127*/  151 152 153 162 163 164 165 166 167 168 169 156 187 071 220 255
  /*128-143*/  104 161 081 066 067 068 208 072 082 083 084 087 086 088 099 091
  /*144-159*/  113 192 123 203 204 205 219 221 223 236 252 106 177 124 191 007
  /*160-175*/  069 085 206 222 073 105 154 155 171 175 186 184 183 170 138 139
  /*176-191*/  043 044 009 033 040 101 098 100 180 056 049 052 051 176 178 036
  /*192-207*/  034 023 041 006 032 042 070 102 026 053 008 057 054 048 058 090
  /*208-223*/  140 172 114 115 116 010 117 118 119 035 021 020 004 112 120 059
  /*224-239*/  238 089 235 237 207 239 160 142 174 254 251 253 141 173 188 190
  /*240-255*/  202 143 027 185 182 181 225 157 144 189 179 218 250 234 062 065
ENDTABLE
ENDCONVERT

