#---------------------------------------------------------------------------
# This contains the data needed to convert from
# iso8859-1 to ibm codepage 850
CONVERT
SOURCE-NAME "ISO8859-1"
TARGET-NAME "IBM850"
TYPE "1"
  /*000-015*/  000 001 002 003 004 005 006 007 008 009 010 011 012 013 014 015
  /*016-031*/  016 017 018 019 020 021 022 023 024 025 026 027 028 029 030 031
  /*032-047*/  032 033 034 035 036 037 038 039 040 041 042 043 044 045 046 047
  /*048-063*/  048 049 050 051 052 053 054 055 056 057 058 059 060 061 062 063
  /*064-079*/  064 065 066 067 068 069 070 071 072 073 074 075 076 077 078 079
  /*080-095*/  080 081 082 083 084 085 086 087 088 089 090 091 092 093 094 095
  /*096-111*/  096 097 098 099 100 101 102 103 104 105 106 107 108 109 110 111
  /*112-127*/  112 113 114 115 116 117 118 119 120 121 122 123 124 125 126 127
  /*128-143*/  176 177 178 179 180 185 186 187 188 191 192 193 194 195 196 197
  /*144-159*/  200 201 202 203 204 205 206 213 217 218 219 220 223 242 254 159
  /*160-175*/  255 173 189 156 207 190 221 245 249 184 166 174 170 240 169 238
  /*176-191*/  248 241 253 252 239 230 244 250 247 251 167 175 172 171 243 168
  /*192-207*/  183 181 182 199 142 143 146 128 212 144 210 211 222 214 215 216
  /*208-223*/  209 165 227 224 226 229 153 158 157 235 233 234 154 237 232 225
  /*224-239*/  133 160 131 198 132 134 145 135 138 130 136 137 141 161 140 139
  /*240-255*/  208 164 149 162 147 228 148 246 155 151 163 150 129 236 231 152
ENDTABLE
ENDCONVERT


#---------------------------------------------------------------------------
# This table convert from code page ibm437 to code page iso8859-1
CONVERT
SOURCE-NAME "IBM437"
TARGET-NAME "ISO8859-1"
TYPE "1"
  /*000-015*/  000 001 002 003 004 005 006 007 008 009 010 011 012 013 014 015
  /*016-031*/  016 017 018 019 020 021 022 023 024 025 026 027 028 029 030 031
  /*032-047*/  032 033 034 035 036 037 038 039 040 041 042 043 044 045 046 047
  /*048-063*/  048 049 050 051 052 053 054 055 056 057 058 059 060 061 062 063
  /*064-079*/  064 065 066 067 068 069 070 071 072 073 074 075 076 077 078 079
  /*080-095*/  080 081 082 083 084 085 086 087 088 089 090 091 092 093 094 095
  /*096-111*/  096 097 098 099 100 101 102 103 104 105 106 107 108 109 110 111
  /*112-127*/  112 113 114 115 116 117 118 119 120 121 122 123 124 125 126 127
  /*128-143*/  199 252 233 226 228 224 229 231 234 235 232 239 238 236 196 197
  /*144-159*/  201 230 198 244 246 242 251 249 255 214 220 162 163 165 128 129
  /*160-175*/  225 237 243 250 241 209 170 186 191 130 172 189 188 161 171 187
  /*176-191*/  131 132 133 134 135 136 137 138 139 140 141 142 143 144 145 146
  /*192-207*/  147 148 149 150 151 152 153 154 155 156 157 158 159 160 164 166
  /*208-223*/  167 168 169 173 174 175 179 180 182 184 185 190 192 193 194 195
  /*224-239*/  200 223 202 203 204 205 181 206 207 208 210 211 212 213 215 216
  /*240-255*/  217 177 218 219 221 222 247 227 176 240 183 245 248 178 253 254
ENDTABLE
ENDCONVERT

#---------------------------------------------------------------------------
# Conversion table for code page iso-8859-1 to code page ibm861
CONVERT
SOURCE-NAME "ISO8859-1"
TARGET-NAME "IBM861"
TYPE "1"
  /*000-015*/  000 001 002 003 004 005 006 007 008 009 010 011 012 013 014 015
  /*016-031*/  251 017 018 019 252 254 022 023 024 025 026 027 028 029 030 031
  /*032-047*/  032 033 034 035 036 037 038 039 040 041 042 043 044 255 046 047
  /*048-063*/  048 049 050 051 052 053 054 055 056 057 058 059 060 061 062 063
  /*064-079*/  064 065 066 067 068 069 070 071 072 073 074 075 076 077 078 079
  /*080-095*/  080 081 082 083 084 085 086 087 088 089 090 091 092 093 094 095
  /*096-111*/  096 097 098 099 100 101 102 103 104 105 106 107 108 109 110 111
  /*112-127*/  112 113 114 115 116 117 118 119 120 121 122 123 124 125 126 127
  /*128-143*/  158 159 169 176 177 179 180 181 182 183 184 185 186 187 188 189
  /*144-159*/  190 191 192 193 194 195 196 197 198 199 200 201 202 203 204 205
  /*160-175*/  206 173 207 156 016 208 178 021 209 210 211 174 170 045 212 213
  /*176-191*/  248 241 253 214 215 230 020 250 216 217 218 175 172 171 219 168
  /*192-207*/  220 164 221 222 142 143 146 128 223 144 224 226 227 165 228 229
  /*208-223*/  139 231 232 166 233 234 153 235 157 236 167 237 154 151 141 225
  /*224-239*/  133 160 131 238 132 134 145 135 138 130 136 137 239 161 240 242
  /*240-255*/  140 243 244 162 147 245 148 246 155 247 163 150 129 152 149 249
ENDTABLE
ENDCONVERT


#---------------------------------------------------------------------------
# Conversion table for code page iso8859-1 to code page Roman-8 (1051)
CONVERT
SOURCE-NAME "ISO8859-1"
TARGET-NAME "ROMAN-8"
TYPE "1"
  /*000-015*/  000 001 002 003 004 005 006 007 008 009 010 011 012 013 014 015
  /*016-031*/  016 017 018 019 020 021 022 023 024 025 026 027 028 029 030 031
  /*032-047*/  032 033 034 035 036 037 038 039 040 041 042 043 044 045 046 047
  /*048-063*/  048 049 050 051 052 053 054 055 056 057 058 059 060 061 062 063
  /*064-079*/  064 065 066 067 068 069 070 071 072 073 074 075 076 077 078 079
  /*080-095*/  080 081 082 083 084 085 086 087 088 089 090 091 092 093 094 095
  /*096-111*/  096 097 098 099 100 101 102 103 104 105 106 107 108 109 110 111
  /*112-127*/  112 113 114 115 116 117 118 119 120 121 122 123 124 125 126 127
  /*128-143*/  128 129 130 131 132 133 134 135 136 137 138 139 140 141 142 143
  /*144-159*/  144 145 146 147 148 149 150 151 152 153 154 155 156 157 158 159
  /*160-175*/  160 184 191 175 186 188 169 189 171 170 249 251 172 246 179 176
  /*176-191*/  187 254 190 235 168 243 244 242 236 238 250 253 247 248 245 185
  /*192-207*/  161 224 162 225 216 208 211 180 163 220 164 165 230 229 166 167
  /*208-223*/  227 182 232 231 223 233 218 252 210 173 237 174 219 177 240 222
  /*224-239*/  200 196 192 226 204 212 215 181 201 197 193 205 217 213 209 221
  /*240-255*/  228 183 202 198 194 234 206 255 214 203 199 195 207 178 241 239
ENDTABLE
ENDCONVERT

